n: 10
m: 81
H: [[0.5891784190969107, 0.0, 0.0, 0.0, -0.6499990784959242, 0.0, 0.0, -0.7437453345376205, 0.0, 0.2539387510448652], [0.0, 8.519375176800331, 0.0, 0.08545668460373114, -4.379224783110778, 2.862554068910927, 0.7015512835191359, 0.0, 0.0, 0.0], [0.0, 0.0, 2.12491143305439, 0.0, 1.2571266624611572, 0.6454985400966134, 0.5971225233676607, -0.2722165140239006, 3.300844016971887, 0.0], [0.0, 0.08545668460373114, 0.0, 0.449965241576637, 0.9100082483903534, 0.0701377041995184, 0.0, 0.0, 0.0, -0.041303767584580264], [-0.6499990784959242, -4.379224783110778, 1.2571266624611572, 0.9100082483903534, 6.427080096796933, -1.8455300303734548, 0.12258831108867488, 0.672880377512046, 1.761261874002861, -0.4799083114882774], [0.0, 2.862554068910927, 0.6454985400966134, 0.0701377041995184, -1.8455300303734548, 4.715441884035429, 0.18224957843079487, 0.12856765574279042, 1.0074606249420175, 0.0], [0.0, 0.7015512835191359, 0.5971225233676607, 0.0, 0.12258831108867488, 0.18224957843079487, 0.27660251561101334, -0.07685740840766424, 0.9319578483770052, 0.0], [-0.7437453345376205, 0.0, -0.2722165140239006, 0.0, 0.672880377512046, 0.12856765574279042, -0.07685740840766424, 1.0208583985990056, -0.4248614091319387, -0.32609253922551096], [0.0, 0.0, 3.300844016971887, 0.0, 1.761261874002861, 1.0074606249420175, 0.9319578483770052, -0.4248614091319387, 6.1197140946444915, 0.9298876224912072], [0.2539387510448652, 0.0, 0.0, -0.041303767584580264, -0.4799083114882774, 0.0, 0.0, -0.32609253922551096, 0.9298876224912072, 1.1841323492731974]]
g: [0.17100043816579447, -1.7256713515873643, 0.16065854034812202, -0.858985320630042, -0.20642094232547897, 0.4884264674526133, -0.8383309655321101, 0.38116374443537404, -0.9909032821575836, 1.0178800497172846]
AI: [[0.0, 0.0, 0.0, -0.3320303964657047, -0.5816729970873883, 0.0, 0.0, 0.22225990173870838, 0.0, 0.0], [0.0, 0.0, 0.9252507517503312, 0.0, 0.0, 0.0, -1.6210874964712072, 0.0, 0.0, 0.0], [0.0, 0.0, -1.2769889870258138, 0.0, 0.0, 0.0, 0.0, 0.0, 0.0, 0.0], [0.0, 0.0, 0.0, 0.0, 0.0, 0.26166847688739403, 0.0, -0.5496559008798231, 0.0, 0.0], [0.0, 0.0, 1.444835710018092, 0.0, 0.0, -2.2941374787994175, -0.2091286173646257, 0.0, 0.0, 0.0], [0.0, 0.0, -1.7620388850389275, 0.0, 0.0, 0.0, -0.6311752177478401, 0.0, 1.1159384541230788, 0.0], [0.0, 0.0, 0.0, 0.08270993579791167, 0.0, -0.928159184570213, 0.0, -0.9047861581686361, 0.0, -0.9901601425103287], [0.0, -0.24107359045991097, 0.0, 0.0, 0.0, -1.0322430367309077, 0.0, 0.0, 0.09433428997619214, 0.6322014141604557], [0.0, 0.0, 0.0, 0.0, -0.5858228746593539, 0.0, 1.0893090451046137, 0.6063890007417859, -2.005556590963453, 0.0], [-1.291058455346977, 0.0, 0.29877203836191896, 0.24995754081903795, 0.0, 0.0, -0.07055722918362475, 0.0, 0.0, 0.0], [-0.4208648204222881, 0.0, 0.0, 0.0, 0.0, 0.0, 0.0, 0.0, 1.8833538579153102, 0.0], [0.0, 0.0, 0.0, 0.0, 0.0, 0.0, 0.0, 0.0, 0.0, 0.0], [0.4138999766425578, 0.0, 0.0, 0.6111037098657089, 0.0, 0.0, 0.0, 0.0, 0.0, 0.0], [0.0, 0.6041597071163749, 0.0, 0.0, 0.0, 0.0, 0.0, 0.0, 0.0, 0.9375588422367473], [0.0, 0.0, 0.0, 0.0, 0.0, 0.0, 0.0, 0.0, 0.0, 0.0], [0.0, 0.0, 0.0, 0.0, 1.0996419726694937, 0.0, 0.0, 0.0, 0.0, 0.0], [0.0, 0.19286086320953463, 0.0, 0.8377197651449277, 0.0, 0.0, 0.0, 0.0, 0.0, 0.0], [0.0, 0.0, 0.049898414237597756, 0.0, 1.872394078525924, 0.0, 0.0, 0.0, 0.0, 0.0], [0.0, 0.0, 0.0, 0.0, 0.0, 1.1973219806427609, 0.0, 0.0, 0.0, 0.34158739594413723], [0.0, 0.197642638146143, 0.04690446151942483, 0.0, 0.0, 0.0, 0.0, -1.4859038586477893, 0.0, 0.0], [-0.38418568099812267, 0.0, -0.9355304554703544, 0.0, 0.408148119296598, 0.0, 0.8582377853547566, 0.0, -0.8182209613286916, 0.0], [0.0, 0.0, 0.0, 0.0, 0.40318568155495604, 0.5211257395089367, 0.0, 0.0, 0.0, 0.0], [0.0, 0.0, 0.20728277243476398, 0.0, 0.0, 0.0, 0.11485387954452174, 0.0, 0.0, 0.0], [0.0, 0.0, -1.743058230922982, -1.250886216057312, 0.0, 0.0, 0.0, -0.15880047157470745, 0.0, -1.4901114123650248], [0.0, 0.0, 0.0, -1.5560236776953074, 0.0, 0.0, 0.0, -1.0702150031640365, 0.0, 0.0], [0.0, 0.0, 0.0, 0.0, 0.0, 0.0, 1.8635753177880086, 1.030815947669532, 0.0, 0.9398969807980037], [-1.445535581617193, 0.6512093458423532, 0.0, 0.0, 0.0, 0.0, 0.0, 0.0, 0.0, 0.0], [-0.3640867757814793, 0.10834954876317913, 0.0, 0.0, 0.0, 0.0, -0.9640633588415822, 0.0, -0.6611042318158495, -0.28862321917014844], [0.0, 0.0, 0.0, 0.0, 0.0, 1.2623221862070568, 1.8123546515314615, 0.0, 0.0, 0.0], [0.0, 0.0, 0.0, 0.0, 0.0, -1.9907788200002425, 0.0, 0.0, 0.0, 0.0], [1.8436915300279588, 0.0, 0.0, 1.5242268127657568, 0.0, 0.4244124588283147, 0.0, 0.0, 0.0, 1.0479822246933699], [0.0, 0.0, 1.343954419584932, 0.0, 0.0, -1.9005842612433008, 0.0, 0.0, 0.0, 0.0], [0.0, 0.0, 0.0, -1.1304964495022287, 0.0, 0.0, 0.0, 0.0, 0.0, 0.0], [0.0, 0.0, 0.0, 2.2843333544703444, -0.47160433354782627, 0.0, 0.0, 0.0, 1.3006962715024495, 1.3394530165479248], [0.0, 0.0, 0.7142238203796749, 0.0, 0.0, 0.0, 0.0, 0.0, 0.0, 0.1954993352753277], [0.0, 0.0, -1.8112787909180463, 0.377160611108241, 0.0017608407142712342, 0.0, 0.0, 0.0, -1.1801910156259166, 0.0], [0.0, 0.0, -1.9407156760215802, 0.0, 0.0, 0.0, -0.05446484378125436, 0.0, -0.8773633217919377, -0.04574809909962204], [0.9182028263859223, -0.684059252016005, 0.0, 0.0, 0.0, 0.0, 0.0, 0.0, 0.0, 0.0], [0.0, 0.0, 0.8199172930519578, 0.0, 0.0, -0.29610040290354395, -0.9147553300988593, 0.0, 0.0, 0.0], [0.0, 0.0, 0.0, 0.0, 0.0, 0.0, -0.5378339530983239, 0.0, 0.0, 0.9075196171068387], [-0.0, -0.0, -0.0, 0.3320303964657047, 0.5816729970873883, -0.0, -0.0, -0.22225990173870838, -0.0, -0.0], [-0.0, -0.0, -0.9252507517503312, -0.0, -0.0, -0.0, 1.6210874964712072, -0.0, -0.0, -0.0], [-0.0, -0.0, 1.2769889870258138, -0.0, -0.0, -0.0, -0.0, -0.0, -0.0, -0.0], [-0.0, -0.0, -0.0, -0.0, -0.0, -0.26166847688739403, -0.0, 0.5496559008798231, -0.0, -0.0], [-0.0, -0.0, -1.444835710018092, -0.0, -0.0, 2.2941374787994175, 0.2091286173646257, -0.0, -0.0, -0.0], [-0.0, -0.0, 1.7620388850389275, -0.0, -0.0, -0.0, 0.6311752177478401, -0.0, -1.1159384541230788, -0.0], [-0.0, -0.0, -0.0, -0.08270993579791167, -0.0, 0.928159184570213, -0.0, 0.9047861581686361, -0.0, 0.9901601425103287], [-0.0, 0.24107359045991097, -0.0, -0.0, -0.0, 1.0322430367309077, -0.0, -0.0, -0.09433428997619214, -0.6322014141604557], [-0.0, -0.0, -0.0, -0.0, 0.5858228746593539, -0.0, -1.0893090451046137, -0.6063890007417859, 2.005556590963453, -0.0], [1.291058455346977, -0.0, -0.29877203836191896, -0.24995754081903795, -0.0, -0.0, 0.07055722918362475, -0.0, -0.0, -0.0], [0.4208648204222881, -0.0, -0.0, -0.0, -0.0, -0.0, -0.0, -0.0, -1.8833538579153102, -0.0], [-0.0, -0.0, -0.0, -0.0, -0.0, -0.0, -0.0, -0.0, -0.0, -0.0], [-0.4138999766425578, -0.0, -0.0, -0.6111037098657089, -0.0, -0.0, -0.0, -0.0, -0.0, -0.0], [-0.0, -0.6041597071163749, -0.0, -0.0, -0.0, -0.0, -0.0, -0.0, -0.0, -0.9375588422367473], [-0.0, -0.0, -0.0, -0.0, -0.0, -0.0, -0.0, -0.0, -0.0, -0.0], [-0.0, -0.0, -0.0, -0.0, -1.0996419726694937, -0.0, -0.0, -0.0, -0.0, -0.0], [-0.0, -0.19286086320953463, -0.0, -0.8377197651449277, -0.0, -0.0, -0.0, -0.0, -0.0, -0.0], [-0.0, -0.0, -0.049898414237597756, -0.0, -1.872394078525924, -0.0, -0.0, -0.0, -0.0, -0.0], [-0.0, -0.0, -0.0, -0.0, -0.0, -1.1973219806427609, -0.0, -0.0, -0.0, -0.34158739594413723], [-0.0, -0.197642638146143, -0.04690446151942483, -0.0, -0.0, -0.0, -0.0, 1.4859038586477893, -0.0, -0.0], [0.38418568099812267, -0.0, 0.9355304554703544, -0.0, -0.408148119296598, -0.0, -0.8582377853547566, -0.0, 0.8182209613286916, -0.0], [-0.0, -0.0, -0.0, -0.0, -0.40318568155495604, -0.5211257395089367, -0.0, -0.0, -0.0, -0.0], [-0.0, -0.0, -0.20728277243476398, -0.0, -0.0, -0.0, -0.11485387954452174, -0.0, -0.0, -0.0], [-0.0, -0.0, 1.743058230922982, 1.250886216057312, -0.0, -0.0, -0.0, 0.15880047157470745, -0.0, 1.4901114123650248], [-0.0, -0.0, -0.0, 1.5560236776953074, -0.0, -0.0, -0.0, 1.0702150031640365, -0.0, -0.0], [-0.0, -0.0, -0.0, -0.0, -0.0, -0.0, -1.8635753177880086, -1.030815947669532, -0.0, -0.9398969807980037], [1.445535581617193, -0.6512093458423532, -0.0, -0.0, -0.0, -0.0, -0.0, -0.0, -0.0, -0.0], [0.3640867757814793, -0.10834954876317913, -0.0, -0.0, -0.0, -0.0, 0.9640633588415822, -0.0, 0.6611042318158495, 0.28862321917014844], [-0.0, -0.0, -0.0, -0.0, -0.0, -1.2623221862070568, -1.8123546515314615, -0.0, -0.0, -0.0], [-0.0, -0.0, -0.0, -0.0, -0.0, 1.9907788200002425, -0.0, -0.0, -0.0, -0.0], [-1.8436915300279588, -0.0, -0.0, -1.5242268127657568, -0.0, -0.4244124588283147, -0.0, -0.0, -0.0, -1.0479822246933699], [-0.0, -0.0, -1.343954419584932, -0.0, -0.0, 1.9005842612433008, -0.0, -0.0, -0.0, -0.0], [-0.0, -0.0, -0.0, 1.1304964495022287, -0.0, -0.0, -0.0, -0.0, -0.0, -0.0], [-0.0, -0.0, -0.0, -2.2843333544703444, 0.47160433354782627, -0.0, -0.0, -0.0, -1.3006962715024495, -1.3394530165479248], [-0.0, -0.0, -0.7142238203796749, -0.0, -0.0, -0.0, -0.0, -0.0, -0.0, -0.1954993352753277], [-0.0, -0.0, 1.8112787909180463, -0.377160611108241, -0.0017608407142712342, -0.0, -0.0, -0.0, 1.1801910156259166, -0.0], [-0.0, -0.0, 1.9407156760215802, -0.0, -0.0, -0.0, 0.05446484378125436, -0.0, 0.8773633217919377, 0.04574809909962204], [-0.9182028263859223, 0.684059252016005, -0.0, -0.0, -0.0, -0.0, -0.0, -0.0, -0.0, -0.0], [-0.0, -0.0, -0.8199172930519578, -0.0, -0.0, 0.29610040290354395, 0.9147553300988593, -0.0, -0.0, -0.0], [-0.0, -0.0, -0.0, -0.0, -0.0, -0.0, 0.5378339530983239, -0.0, -0.0, -0.9075196171068387]]
bI: [-0.37832614484517124, -0.10003204928940568, -0.9602567843749067, -0.0724344474657973, -0.019300606451071012, -0.9795732518644896, -0.14847808772497184, -0.25870232207150123, -0.21552881156454484, -0.5799123983985056, -0.9757516851399299, -0.27300890129390465, -0.9700750738510008, -0.02549734896729483, -0.8880437054177104, -0.7086088382481099, -0.2777736736315105, -0.8948631921780887, -0.026522552598975735, -0.6256366173439284, -0.32954271081208253, -0.967121130692352, -0.16857640481509484, -0.9014829863134214, -0.32993565087121357, -0.8892333217310002, -0.5124516587590872, -0.51062890693618, -0.38682715356733255, -0.530088935959223, -0.9447074808964758, -0.8928622469672834, -0.6771143998332181, -0.6390273844915813, -0.548361337775251, -0.27268311786411736, -0.1482686421476278, -0.8563029768335465, -0.6350567989821495, -0.2996434942475267, -0.5509165722987104, -0.0627156360822434, -0.7427665145286066, -0.6182401927637182, -0.30285838317164526, -0.10292989539685649, -0.8789401203989146, -0.7584543135060368, -0.7717363900996287, -0.5104906711656406, -0.10847732250824382, -0.6418925248848777, -0.6147625814500723, -0.08327298066981814, -0.8861833596101388, -0.3688744584289425, -0.8671850012313062, -0.6257554190285789, -0.6755951363683622, -0.3198844623729048, -0.2044652538608529, -0.49606638812056447, -0.7037576116288573, -0.11403773099788195, -0.6481294390727445, -0.2616096623063874, -0.44463873697382517, -0.7984822866767817, -0.4514809037201897, -0.480357170550453, -0.6512173358294006, -0.9753800429435443, -0.8511706965568248, -0.8681479618370475, -0.29208253732456513, -0.29092788643486966, -0.3882515855670421, -0.32809298372004403, -0.5524841292389753, -0.30392283103399487]
AE: [[-0.431211053312753, -0.03607716240279841, -2.021804377666993, 0.8454991569914443, -1.2116771262180202, 0.009478491873971758, 0.8603850117851801, -0.15779555804045942, -0.6237734255309313, 0.29725238712531493]]
bE: [-0.33684093219409433]
