n: 2
m: 40
H: [[0.01, 0.0], [0.0, 2.6484978604542686]]
g: [-0.6117564136500754, -0.8021728386486427]
AI: [[0.0, 0.0], [0.0, 0.0], [0.0, 0.0], [0.0, 0.0], [-2.363468604780012, 0.0], [0.0, 0.0], [0.0, 0.0], [0.0, 0.0], [0.0, 0.0], [0.0, 1.1353453479001385], [0.0, -0.4488778077207725], [0.0, 0.0], [0.0, 0.0], [0.0, 0.0], [-1.1059350760083153, 0.0], [0.0, 0.0], [0.0, 0.0], [0.0, -1.0170141364670207], [-1.6545154524065693, 0.0], [0.0, 0.0], [-0.0, -0.0], [-0.0, -0.0], [-0.0, -0.0], [-0.0, -0.0], [2.363468604780012, -0.0], [-0.0, -0.0], [-0.0, -0.0], [-0.0, -0.0], [-0.0, -0.0], [-0.0, -1.1353453479001385], [-0.0, 0.4488778077207725], [-0.0, -0.0], [-0.0, -0.0], [-0.0, -0.0], [1.1059350760083153, -0.0], [-0.0, -0.0], [-0.0, -0.0], [-0.0, 1.0170141364670207], [1.6545154524065693, -0.0], [-0.0, -0.0]]
bI: [0.7481656543798394, 0.2804439920644052, 0.7892793284514885, 0.10322600657764203, 0.44789352617590517, 0.9085955030930956, 0.2936141483736795, 0.28777533858634874, 0.13002857211827767, 0.019366957870297075, 0.678835532939891, 0.21162811600005904, 0.2655466593722262, 0.4915731592803383, 0.053362545117080384, 0.5741176054920131, 0.14672857490581015, 0.5893055369032842, 0.6997583600209312, 0.10233442882782584, 0.03173842428060247, 0.6865758218407572, 0.3076773843306859, 0.12361084770396169, 0.10539333649615268, 0.9149557886302221, 0.9609452167671176, 0.8301695804354311, 0.12185749657058687, 0.9016531661669499, 0.5788923749949478, 0.04211046984949807, 0.4668347150269829, 0.30812288604952665, 0.684484368993937, 0.31349907231841634, 0.1653743281026271, 0.9817117226558082, 0.24985568505503253, 0.011138911093505288]
AE: None
bE: None
