n: 4
m: 2
H: [[0.01, 0.0, 0.0, 0.0], [0.0, 0.01, 0.0, 0.0], [0.0, 0.0, 0.01, 0.0], [0.0, 0.0, 0.0, 0.17012579140824938]]
g: [1.8675579901499675, -0.977277879876411, 0.9500884175255894, -0.1513572082976979]
AI: None
bI: None
AE: [[0.0, 0.0, 0.0, -0.10321885179355784], [0.0, 0.0, 0.0, 0.0]]
bE: [0.41059850193837233, 2.5452007784710537]
