n: 2
m: 40
H: [[1.2530220906397915, 0.0], [0.0, 0.01]]
g: [1.1882115020369697, 0.6588157531254488]
AI: [[0.6681881950408256, 0.0], [0.0, -0.7451224076252725], [0.0, 0.0], [0.0, 0.0], [0.0, 0.0], [0.0, 0.0], [0.0, 0.0], [0.0, 0.0], [0.0, 0.0], [0.4262343971963655, 0.0], [0.0, 0.0], [-0.8945892279321763, 0.0], [0.0, 0.0], [0.0, 0.0], [0.0, 0.0], [-0.9174212587428748, 0.0], [0.0, 0.0], [0.0, 0.0], [0.0, 0.0], [0.0, 0.0], [-0.6681881950408256, -0.0], [-0.0, 0.7451224076252725], [-0.0, -0.0], [-0.0, -0.0], [-0.0, -0.0], [-0.0, -0.0], [-0.0, -0.0], [-0.0, -0.0], [-0.0, -0.0], [-0.4262343971963655, -0.0], [-0.0, -0.0], [0.8945892279321763, -0.0], [-0.0, -0.0], [-0.0, -0.0], [-0.0, -0.0], [0.9174212587428748, -0.0], [-0.0, -0.0], [-0.0, -0.0], [-0.0, -0.0], [-0.0, -0.0]]
bI: [0.7146454356068578, 0.6934925927868428, 0.6524195810409182, 0.7824268567276719, 0.7458792743691632, 0.9363166314540294, 0.17556432212693196, 0.534678269809287, 0.33227638578891494, 0.19085294856925727, 0.37259778760293005, 0.6281160425623458, 0.4287247517240317, 0.09664944264771314, 0.12297266449816846, 0.4716802699915188, 0.2702925431631149, 0.02440373634348536, 0.1654735634756127, 0.5785709607786778, 0.8550452456527533, 0.9104030412806625, 0.47304987156798395, 0.41445454629368883, 0.2724688385153633, 0.5106205198417191, 0.6545634530199027, 0.037894207059065765, 0.19147877768247268, 0.4765717742737622, 0.27702488624976107, 0.7743243430544737, 0.3381694172478865, 0.1685363545500994, 0.9673452080595193, 0.0040249804819962876, 0.947854669159946, 0.8983760873212078, 0.45937304915896304, 0.07955080807650539]
AE: None
bE: None
