n: 100
m: 2000
H: [[25.48245937827799, 5.936499861413986, 2.888981099199768, -0.9018083173519338, 0.6768899345531915, 1.2050433059415102, -1.597387332149555, -0.16144381961136733, 1.6123420070248635, 0.929630962857784, -0.12490410000248703, -1.670016295912494, 0.0, 0.2542471899368303, 0.0, 2.0731204034697033, 0.0, -0.8514931765362584, 0.0, 1.768814542277241, -0.5537351331091162, 0.355989455400647, 0.3121077466476186, -2.589612769986502, -0.7875892763722498, -0.5614957821445856, 0.0, 2.0403621844019706, -1.4364853521342877, -0.0012885282329957084, 0.38773701341941674, -4.122572327782383, 0.3059266992880425, 0.590808168428057, 0.4000509408629318, -0.24068891799813907, 0.18293276103282574, 0.0, -0.16718620780794397, 2.7620110053372864, -0.8396536570744997, -1.1081035064034674, 1.9617679468753733, -1.102323600226987, -0.15941951256541645, -0.6040950549296612, -3.445097413661304, 0.0, -1.7932454728166534, -1.3581964290556239, -4.957900355054169, -2.2242517013550174, -0.6658925355147907, 0.04727250567584643, -0.30483553171899386, -0.6748777813688616, -1.0902284332308854, -0.1670172766656545, -0.3638248445825126, -0.20891849283241132, -1.1781606048801316, -5.228323983165356, 0.4989830612951164, 2.711788250260712, -1.8190409577411286, 0.11542271143955726, 0.004149872156798741, 0.0, 1.4778347879722546, -4.559001927380422, 3.245750869513647, -1.8156613878149899, 0.0, -1.2386126023396888, -1.3552020648700918, 0.40234862194328785, -3.3700099828936394, 3.0073513659606346, -1.4743552867737095, 2.189430269591268, 2.351833980201471, 2.6624611878620823, 1.7237250189905646, 0.054553867877289657, -0.7306825731632606, 1.5444856025441915, 2.0070840517619812, 1.1452263111004466, 1.0800332112154605, 0.2654581871002675, 0.0, 1.720608153566128, -2.182235651746738, -3.0965807135629277, -0.002814040948239231, -4.363049710834673, 0.3778888891547869, 2.0820412518810487, -0.1716188078144607, 0.6022020852844575], [5.936499861413986, 15.852590632297028, 0.036128244967415034, -0.04945751046975888, -0.13235155789736575, -1.6237176824486552, 0.06687319017875351, 0.17405429267154915, 0.9365864439256586, -0.8617259146284363, 0.44715451189897115, -1.3297890991613763, 0.0, 1.4838306487132553, -3.7467911956264257, -1.6876929947520254, 2.6156774597052266, -0.007862950898889415, -0.025254728678745154, 2.2519340495507243, 0.0, 0.40528141201074774, -0.022229052899681218, 0.6787731030294213, -0.04161590019299813, 0.3426605718675461, 0.3443002371864657, 1.54406441920866, 0.0, -0.11711422392632162, -3.3647559609631825, -1.5645511027063992, -0.6194214433945013, 1.5407150189489494, -0.5267226909671834, 0.033942833984726965, -5.185369254025609, -0.9957204903516909, -0.07823754061628914, 2.4633021606723333, -4.039498787480163, -0.1881850964323732, 0.3852264912915082, -0.4276042203455243, 2.3888205399557116, 0.3317620790371442, 1.511595889383605, -0.729975081792105, -0.0023043160431295215, -1.988443230773492, -0.3589141625349402, -0.9829141148836222, -1.319665722033628, -0.20381364059877594, 0.4046845433656968, -0.9780198372675052, 1.279702236246223, 0.0, 2.79129071285951, -0.8039886721555152, 1.186916213939888, -3.030139171949606, 1.4512080739531614, 0.95273653221306, -0.6972582183911402, -0.19874251473293356, 0.0, 0.1962467368397384, 2.3465832898864702, -1.0222120332818698, 2.2695235353767886, 0.0, 0.0, -1.9624798840275979, -0.4309621624606808, 0.015642635259828293, -2.5230256733308742, -0.38501699704252706, -1.0189236817954201, -0.8314094051483092, 0.30301206402634595, 2.3085572921486497, 0.2683144261955166, -1.656538990950353, -0.13499246985210622, 1.3905260614046269, -0.32744433005263124, -0.10172299850637151, 0.15273444255156707, 0.6353915621667725, 1.1292989918983796, -0.004155871163560765, 0.7655018715199579, -2.8730720455446264, 4.111697343353981, -0.10693697629173914, -0.04042441676678021, 1.1942734493422977, 0.1425063081056204, 0.0], [2.888981099199768, 0.036128244967415034, 11.748935489627735, 0.6952562409824882, -0.7504622380406852, -0.3834403636397691, -0.12827327441078354, 1.3423757896560065, -0.7086121717925234, -0.552479366226814, 0.0, -0.31208648976563386, -0.7759435496613594, -1.2132774462078182, 0.0, -0.9816368527842966, -0.04950785490311621, 0.2552669245086434, 0.0, 0.3494863198153344, 1.3253917558615507, 0.0, -3.0228582760323084, -0.8849521763644725, 1.7837477542099949, 0.6714633805336772, 0.5401892276566678, -3.658086275822131, 0.21396201877106924, -0.09265122321648976, 0.4205464543171634, -3.5549868270487526, -0.10771190441662604, 0.5497363865144618, -0.6275590454787071, -0.08611392125069267, -1.783823467609577, -0.6169497028034532, 1.9559863645911197, 0.16184651125680072, 2.8064312325841994, -0.1936103485311092, 0.587509182810734, 0.8230941360346222, -0.7957183899801752, -0.25698976664052203, -1.1166218847186535, 1.8395047927075665, -0.35367055216681204, -0.2097366491624226, -0.6544753467572769, 0.7625664418083874, 2.089567661529242, -0.733166605390695, 0.0, 1.674660416321442, -0.4780814902732412, -1.5090936045029628, 0.720631073210403, 0.0, 0.0, -0.5847050254651899, -3.695312099634888, 1.5915703458363364, -0.9196739220953025, 0.5622344894684803, 0.0, -0.1307892964171417, 1.7891103541715654, 0.24771572806788017, -0.6725919425637592, -1.0782411331459936, 3.4781549556682485, 0.06081503298324166, 2.0746908885913125, 0.03893181124640917, -0.16738577764678886, -0.4542276950102747, -0.015445050003735762, -0.9832622602686546, 2.610785674408868, 0.0, -0.47639632412744976, 0.0, 1.6961578375216169, 3.421580248139804, 0.2640660650560005, -0.5405557213231488, -2.045529182524282, 0.9254246164591854, 0.7539510565510424, 0.0, -4.4614292795908845, 0.11189138886793198, 0.0, -0.4706746616007391, -0.22077891887783987, 0.34105834174203264, 0.9761651720837673, 1.3003717069204304], [-0.9018083173519338, -0.04945751046975888, 0.6952562409824882, 22.15060774393554, -0.9458853327194455, 2.49309538304282, 0.0, 1.100183633299268, 2.2620000690973145, 0.39593218773304306, 0.03738118812053337, 2.2440255917732057, -1.9114482526521486, 1.5689845630912946, -2.4227967741457355, 1.4049076528379976, -0.8670734046731658, -0.08280861178399415, -1.2641615379010966, -1.6946063729947973, -0.13294828375204037, -0.4869765965452935, -2.8505993237918466, -0.4011719215530778, 1.3483163896782955, -0.499687353735945, 1.9587411591130546, -0.23789387713245858, 1.0663786141072746, 0.2825457658237989, -0.12113963798236814, 1.0360702856938424, -2.5436539577481283, -3.731055959618412, -0.2174707467591349, 0.9080593588156529, 1.9094423939562808, 2.7984450364719624, 3.639204178006493, 0.27659447992552755, 0.8930794673312181, 0.062058732379219994, 0.7020671427700654, 0.6729472533401133, 0.1858479447058377, -0.3485167432609321, -2.760873349136186, 2.419211978280916, 0.048386149650599064, -1.4679197500457122, 0.5273868137847294, 0.5840587594661653, -0.9520327334785014, 0.3291751165450337, -2.302847634136323, -1.049875646970961, 3.148476233270604, -0.10988143470471776, -0.7112743614539319, 0.42599109333754354, 2.6483946298473167, 0.08015909441675592, -0.3976518088186932, 2.6721427166430365, 0.36191296684796853, -3.0790991180488914, 1.4637590041402884, -0.8012727827903066, 5.293603932265757, -0.607159857922498, 2.0075043073793393, 0.6325247286444334, -5.501479401799534, 0.3671431907346892, 1.4053348820559404, -0.8910592953402231, 0.9170408983245975, -3.226434506547816, -0.7459546285025281, -0.2982761453200507, -1.8441986827865007, 0.714931616657154, 0.0, -2.0372282865876628, -1.2993184640897384, 1.3539388462321533, 0.3039777367162231, 0.966229754801328, -0.6267595920425355, 0.37387540617451614, -0.990982907903851, 1.1960883676493592, -1.7760870809480795, 0.5840219359455938, 0.4031503139324174, 3.096876329012098, 0.6084523480384048, 4.468811533057624, -0.4223593918647819, 3.647958521003832], [0.6768899345531915, -0.13235155789736575, -0.7504622380406852, -0.9458853327194455, 11.744541376290485, -3.9780429594531936, 0.3786816464427442, 1.4455146075229792, 0.2800185378774696, 0.0, 0.0003322215710671039, -0.5307475549276564, 0.534404500522304, -0.3722129395610939, -0.5411412896659686, 5.397087299944744, -2.091007048027956, -0.23300297407358936, -0.44973331478035167, 0.0, -0.23568290349105397, 4.166197138226138, 1.22545283241646, 0.0, 0.8180891586075733, -1.4678281379430616, -0.3650958274233557, -0.28565321108688513, 1.066328951471032, -0.5039708720281175, -1.322207392186437, 0.8996710741626236, 0.0, -0.2547566618271897, 0.9302161011977282, -0.060638225561352975, -0.911713494955494, 0.0, 0.22267744952495247, 0.31376970566827744, 0.9910324477528437, 0.23046152305084844, 0.30099236269311574, -0.3423921064095494, 1.1315994735062462, -1.783490754479138, 0.5637031539231384, -0.49187433719527746, -0.15666007532949341, 0.028748614633823742, 0.15248958886373026, 2.985433095184036, 2.1846861226856307, 0.5027001532136366, -1.2753809800136016, -0.6061210726452908, 0.24421129009016285, -0.1382025862233179, 1.0725054011858737, -0.04704822819061506, -1.709539704902162, 2.940872368604725, -1.7033184432826618, 0.3337235458160289, 0.2989680546537966, 0.0, -0.21807710361547922, 0.5776370306311784, -1.6576455588708932, -3.091944589815859, -0.42285735745667674, 0.15218040702174754, 0.0, -0.7922318175351026, 0.0, -0.013952828312493615, 0.5651701527854982, -0.10284898162162104, 0.7318856444685184, 0.5430140449231096, -0.600568809355219, 1.3358485386497956, -0.20522063333925056, 0.0, 0.0072330873888519845, -0.027862653457059138, 2.053046266329562, 0.14603300887461443, 0.5491714432154235, -1.3097737536076746, -3.3311766861784036, -0.06309705020283105, -0.2502270607174928, 0.4430995483057142, 0.8577153316338965, 0.00998808368763331, -0.5291289366412807, 0.8209346196833185, 0.09745421221517057, -0.6832242628274614], [1.2050433059415102, -1.6237176824486552, -0.3834403636397691, 2.49309538304282, -3.9780429594531936, 28.36598769995159, -1.311346410739887, -2.47419864460973, -1.1067530146197777, 0.22832158223898172, 0.18458649308749076, 1.3823830848864431, 0.0, 0.0, -0.3104776750384312, -5.953351166771909, 2.93331879621225, -0.2944891484010637, 1.5018265860231828, 0.0, 0.06609521770425454, -1.7508181226706567, -0.2294973909225047, 0.3176782621993801, -0.37912924227786254, -2.356670461042998, 0.5435524055078432, 0.0, 0.5309010305504827, -0.1859382198168386, -0.1059164491004809, 2.1455269770494994, 0.8294712831445517, 0.06851420510664445, -0.49770812965131483, -0.7316253812861866, 0.9691910102540999, -0.2597996637299757, -0.9954480695432992, -2.2255373871115713, -0.9778101486373232, 2.3632946468125517, -1.2620355588713665, -3.2823461585977762, 1.1459156694103105, -2.1794974851141, 0.35113928781937354, 0.027739474020038637, -1.4385323763891589, 1.9252505221535239, 0.5807156468734365, -2.1758139488323414, -1.3706327216444905, -1.0358778499934411, 0.9658990465175346, 0.28765456181741517, 0.0, -1.898054571401574, -0.6125172450847512, -1.6123012769969267, 2.286778271628191, -4.333806462918205, 0.25181787169630104, 1.5648334960365515, 1.8182645354906708, -1.3579115163839501, 0.498647450781632, -0.10978615177758601, 0.16636149086396013, -3.757626306555811, 1.027964294141714, 0.0, -3.7729396486138005, 1.8475821753603734, 0.0, 1.2055416097152432, 0.20221688460384102, -0.12469021915190906, 0.20879409983873953, 1.6124892129658717, -1.1004348818906124, -2.395664912204835, 0.08001332264704598, 0.0, -1.9270822418079434, -1.3181193841879497, 3.634645565567648, -4.026430111389021, 0.47804368969530214, -2.220158500630248, 1.8860455298568684, 4.6232214922482155, 1.4120049785318227, -1.9836591507643497, -0.3970100299438952, -0.26437773636871503, 1.4024538785593532, -0.26531708097085005, 0.1250615034911872, -0.10395708159935073], [-1.597387332149555, 0.06687319017875351, -0.12827327441078354, 0.0, 0.3786816464427442, -1.311346410739887, 21.31442183539935, -0.04226135765451444, 0.8180608469149022, -0.49453152134364675, -0.05647532552384054, 0.08631850034048781, 2.5783504771439723, 4.2202972840839115, 0.0, 0.5024924112886816, 0.0, 0.816756425235909, -4.138104263349129, -1.3460494439943749, -1.9443706124327444, 6.6549211375479045, 0.2219079431707498, 0.24403385886201615, 2.746796992521265, 0.10495708523073366, 3.0184466634327545, 3.2109519541213287, -0.08106722478889751, -0.5794223895810559, -0.5921617520855832, 0.0, 0.06244283469126428, 0.0, -0.3922216359094929, 0.031936655789598235, 0.0, 0.20483384409184716, 0.0, -1.2420365716685682, -0.9005630980205079, -0.1455567849844278, 0.6962535005305371, -2.0003326448037386, 0.7057377562969581, 0.0, 0.2265826724166078, 0.3975205925626177, 1.0000622878044587, 0.10117010366507079, 1.3137136033008374, 2.2071538479721458, 1.3557949594647745, 3.4596756180464814, 1.2827318839377424, 1.0892913933953867, 1.0106850430164254, 1.1818713559598004, 0.0, -0.14641341534947658, 0.24775638369631242, 0.6483868476604076, 0.44240313641051776, -0.33241802025485695, -0.6112767929980698, -0.08156316477422466, -2.005028540722901, 0.46278263156248195, 0.47159247648332947, 1.0493644952620478, -0.6582273290893325, -0.1342978073986256, 0.0, -0.9129944323783483, 1.0686758748167982, 1.711331783303687, -2.26998348499543, 0.44896473020264405, -0.17866131200696928, -0.12317052523356327, 5.899646854407121, 0.0, 0.3842917186769741, 0.0, -0.4874419533526762, 1.424484720214183, 2.4123234454225093, 0.4676871598814492, 0.9079178861578143, 5.47691801512046, -0.04849402569630753, 0.911764907656922, -2.248172404139803, -0.04692503224566605, 1.4004892354008678, 0.37441908166649185, -0.8026120471064229, 0.0, 0.0, -0.6814819870230504], [-0.16144381961136733, 0.17405429267154915, 1.3423757896560065, 1.100183633299268, 1.4455146075229792, -2.47419864460973, -0.04226135765451444, 13.387189687600475, -0.777861155804799, 0.14930207773152354, 0.0, -0.13938737043797264, -0.8429369322831818, 1.2086711932449958, 0.15450102967375864, 0.19991932103771098, 1.7407427010722336, -2.1825029423006574, 0.9512421893219434, 1.8542661722390612, 0.427293240156809, -1.8743605942922783, -0.35279505500235364, 0.5215123183250125, 0.059317432144975646, -1.005926790162491, 2.260174287070565, 0.0, 0.0641134437819873, 0.4085702312893461, 0.3297156661764798, 5.0444432853609555, -0.8133747113549246, -1.224005576259657, -0.14006429102269913, 0.5596752024617255, 0.055011402381861245, 0.8404557592254973, 7.238863884341667, -0.9330155444953327, 1.0026681308447567, -1.192128279032525, -0.6161109907642217, 1.1832060500955963, 2.276133598661253, -3.1735800109836534, 0.23640415482949118, 1.58983168226587, -0.2524608178599686, -0.3974293568018887, 0.6463326911217222, 0.01124168356804672, 3.111088117076098, -1.8865181687045656, 0.112730107899083, -1.0401727340218143, 0.06861458472276866, 0.6548395306454362, 1.2582864576704411, -1.4205166458641525, -1.2225871154983872, -0.5420609672059642, 2.5882800851832166, -0.942907957871239, -0.9037502872297776, -0.30956920835605767, 1.298462604378972, 0.21929193827524934, 0.5875319039662412, -1.4597263831895684, -0.14637743397334518, 0.6388218326608044, 0.6397194645054023, 1.2951157102638657, 0.03478990170166704, 0.033498070177538246, 1.578844288402611, -0.12609600468328175, 1.3239116605837922, -0.8123100318321858, 0.9920138831890891, 0.0, -0.06003715885710553, 0.01344918467183241, 2.3411839895515834, -0.15202756215276308, 0.6551611523777685, 3.3459496474860018, -0.03293005760861184, -0.6311823348443848, -0.003382745774892435, -3.6726999549490165, -1.212696587803137, -0.00033880025737175303, 0.9978165785841133, 0.045721713977007916, -0.4359143824334707, -0.01522635348100345, 0.22113921925284116, 0.7515081396793574], [1.6123420070248635, 0.9365864439256586, -0.7086121717925234, 2.2620000690973145, 0.2800185378774696, -1.1067530146197777, 0.8180608469149022, -0.777861155804799, 12.311662638353061, 1.8585294274630026, -1.2377392683708082, 2.4251895049585293, 0.31921602848905967, -0.2073551198809855, 0.055607589366891176, 0.0, -0.2925914957835339, -0.8136343872266725, -0.7813105098334611, -0.48054311968252106, -0.9900691164092714, 0.4450472461190832, 2.5853732819347868, 0.002413732606392674, -0.8968323287896598, 0.0, -0.5605619746525768, 0.0, 1.2155633926943412, -0.21351025183822206, 0.20477135430283877, -0.21861208692845638, 0.40354144429184097, 0.0, -2.619345465587218, 1.4595276589493635, -0.12024169854794815, 0.20051871608822613, -2.8107658419072834, 0.0, -0.809250578739753, -0.020929146430882298, 0.41351960459482606, -0.3945844982148312, -0.10451192464579624, -0.440200977542155, -4.988884330771353, -1.1136251857963946, 0.4722145212432477, -1.5980915381651302, -2.6005548180992006, 0.077939151789652, -1.0135195928373322, -0.16622746814368608, -0.23505652249650844, -0.2150686742961658, -0.12924921401713552, 0.8155872877811751, -1.0496568320630408, 0.0, 0.002407772798319619, -0.02889982385073896, 0.3926417454174209, 0.3262915351315304, 0.4050453758163152, -1.2939862576744008, -0.2354072929765723, 0.0, 0.7188006667176651, -0.4507020010088841, 4.022299838451394, -0.37758585455644034, 0.0, -1.0997701328915497, 0.7279675983580928, 0.20746333606284634, 0.0, 1.0604668096366732, 0.6540914041276189, -0.7335420800688102, -0.6142332234875721, 0.7086686107608802, 0.0, 0.0, -1.7693009528418402, 0.30757299177601843, 0.5376668460722521, 2.681414597337411, 1.4361163621156403, 0.0, 0.0, 0.5724256628843428, 0.6007103130499591, 0.2785624007124764, 1.634955613237149, 0.0, -1.0834258982908633, 0.23974580124807532, -0.11294948942542361, -0.32407996665495836], [0.929630962857784, -0.8617259146284363, -0.552479366226814, 0.39593218773304306, 0.0, 0.22832158223898172, -0.49453152134364675, 0.14930207773152354, 1.8585294274630026, 11.860107365192098, -0.8797244207101667, 0.0, -0.10804706725440621, 0.20815075767050667, 0.0, -0.538050836525269, -0.5108605652077433, -0.3055967778486245, 1.8530221084013856, -0.8546075208399744, 0.10066074747698313, -0.4102121379964758, 1.2410758427225443, -1.9598059482503307, -2.922918091599485, -0.33517904103152474, 0.0, 0.0, 1.6425127376732964, -1.248344543287471, 0.225981942754863, 0.29554446511492855, 4.569376366391706, -3.7583390914117323, -1.399224413203257, -3.9475320105330094, -0.050090392472400214, -3.4332284354681994, 1.270004962723803, -0.12669665973985053, 1.5746948213168888, 0.14685671049680687, 0.29806589062846334, -2.095533796280368, 2.304692227206843, -0.30992533678196993, -1.1809954591988496, 2.670480143334377, 0.08616219092428698, 0.29801846927500586, -0.9140738759688825, 0.4623390812007828, -2.5864729063829595, 1.3868604835077247, 0.19123338987627037, -0.41901426097655803, 0.7832278214730563, 2.117564013786187, 0.4238468237369022, 0.9253208062147333, 0.0, -0.04948407558507906, -1.021122268955689, 0.6434075857367074, 1.8191446434345662, 2.6755403823017465, 0.0, 0.4755957780211257, 0.3430205560319932, 0.1596887606649759, 2.062439556806784, -0.039694825523031455, -0.46485514030440517, 0.0, 0.3827594278090597, -0.04807170754976067, -0.017649912116409695, 0.907001093719295, 0.0, 2.052887646172438, 1.1613965182886101, 0.0, -0.43735119412535195, 0.9866851606637296, 0.3005486760935816, -1.787822075078328, 4.505915278387056, 0.14358920385888013, 0.3179619754664264, 0.027645254510164412, 1.8610298747984442, -1.4513395865731986, -0.5085488829105258, 0.0, 0.0, -1.1622798610903462, 1.088073608055133, 0.0, 0.3453580913896083, -0.07254473025432692], [-0.12490410000248703, 0.44715451189897115, 0.0, 0.03738118812053337, 0.0003322215710671039, 0.18458649308749076, -0.05647532552384054, 0.0, -1.2377392683708082, -0.8797244207101667, 6.0012763204945285, 0.0, -0.019093421916705156, -0.1540979478291043, -0.4044037911951598, 0.0, 0.0, -1.9740282727657745, 0.0, -0.21386358736307517, 0.025064768605805348, 0.0, 0.617698621017451, -0.2519797743140174, -0.007677610273346458, 1.998173135611912, 0.0, -0.023533872137905712, 0.0, -0.4690929861675672, 1.4618886106130558, 0.0, -0.14025928746829852, -1.116443966506236, 0.06110150339348589, 0.0, 0.4153253292121401, 0.0, 0.0, 2.3263589453133227, -0.20385787907326064, -0.029961432372194285, -0.380684879096174, -1.8437966587057095, 0.0, 0.09916581829128229, 1.0090976112313301, -0.6852220215872842, -5.257095813735052, 0.10912764277311501, 0.9422168466893133, 0.0, -0.7807905517688747, 0.021521977103415014, -0.1238211160834107, 0.0, 0.0, 0.0, 0.21092855263559532, -0.6324664053690678, -0.7578599257514365, -0.5720423385028918, -0.26047322513207183, -0.4745573472905021, 0.0, 1.9980168300942078, 0.4470251368397696, 0.9122909380055165, -0.4271857398335167, 0.0, 0.10785182243527719, 2.0129399844258105, 0.0, 0.0, -1.2186595407183536, -0.589142323281119, 0.0, 1.047335311252945, -0.7974967246227254, 0.0, -0.33434047842208414, -3.6749620603361017, 1.748548748918515, 0.09616508169972734, 0.31960861379334676, -0.12563082807201875, -0.015713683885181733, -0.19466305839170897, 0.4068585953846661, -0.039910549312565206, 0.0, -0.46707770832637274, -0.594022102738804, -1.6318627790688018, 0.08021203780909318, 0.0, -0.2731499580451756, 0.0, -0.31308421710760137, 0.0], [-1.670016295912494, -1.3297890991613763, -0.31208648976563386, 2.2440255917732057, -0.5307475549276564, 1.3823830848864431, 0.08631850034048781, -0.13938737043797264, 2.4251895049585293, 0.0, 0.0, 9.436517099474496, -0.0443449419826898, 0.0, 0.0, 0.14910262499756916, 0.7785008929926683, -0.10181034200749253, 0.0, -0.17730819665337055, -0.8714715993424265, -0.24318449115482482, 0.17151365675507746, 0.4702465738442382, 0.8921057083265163, -0.5183151894192065, -1.375170913214541, 0.13265332416133002, -0.579421972351955, 0.20960102139420334, 2.8917628591331894, -0.738872633278952, 0.697328357883037, 0.09398860739292786, -1.922698361449229, 0.08083558586221158, 1.5883654333242994, 0.3807169875327044, 0.11547971530588005, -0.2145679723444238, -0.58997966398371, 0.04178858352564656, 1.9895363701708002, 0.08546424462570976, -1.1707217010363238, 0.0, -4.179331556020842, -0.03468588463729912, 0.0, -0.06395732783497862, 0.4415794157106254, 0.09737626618512461, 1.0765996313465653, 0.3045958107875022, 0.26084680977847535, 0.0, 0.1181619234536586, 0.38140336189040003, 0.0, 0.11263013598443378, -0.6995092222306338, 0.6259180488221004, -0.031122309888791826, -0.48133255538290426, -0.1924935186049992, -0.6604495167745638, -0.3579521225623289, 0.2803205817923693, -1.0688578397993431, -0.8057991548582036, 1.5974602090483063, -0.8167995546849495, -0.4834029661289337, -0.17632511837860795, -0.026373932397249333, -2.6710899164227584, 0.0, -0.20277012206355535, -0.492477787713625, -0.7621260201778315, -0.35153581038405407, -0.0639426715263429, -1.3780589243326713, -0.0932494433535372, 0.0, 0.052705905660972496, 1.6973704229725517, 1.5369882810847026, -0.4977947408915946, 0.6776329942537747, 0.11388791961197589, -0.1907581637121552, 2.285079186622464, -0.26992937868174666, -0.04016693411197055, 0.8250982139859963, 0.0, 0.0, -0.05071336257053346, -0.21893429704915052], [0.0, 0.0, -0.7759435496613594, -1.9114482526521486, 0.534404500522304, 0.0, 2.5783504771439723, -0.8429369322831818, 0.31921602848905967, -0.10804706725440621, -0.019093421916705156, -0.0443449419826898, 8.569029185548024, 0.0, -2.0038887254053037, 0.0, -0.7752491950264389, 0.0, 2.0001703097240253, 0.0, -0.8729478295804647, -1.2289776437227458, 0.0, 0.0, -1.3341275829938832, -0.04617605282370019, 0.0, 1.1525691186284301, 2.3623925939109567, -2.147750152653878, 0.4336806486177014, 0.0, 0.0, -2.051913072669488, 0.11221240521713116, -3.036954597298992, 0.0, -1.9551739479764971, -2.002229489448435, 1.464114180339667, -0.513128881616806, 2.538372646301173, 0.37320470539819084, -6.651375242699214, -0.6382530265981605, 0.0, 0.0, -0.6901766101304211, -0.6675674635189113, -0.7142369130482168, -0.12529482864185265, 0.0, -3.2330114157022978, -1.4552346914047842, 0.8597226997324957, -0.40427107651144106, -0.7121437453143752, 0.9634076152622605, -0.5571097881344457, 0.0, 0.0, -1.098505855795092, 0.0, 1.0946609375183498, 0.8723888563543795, 0.0, -0.1842237475847346, -0.10755502420907957, -0.49132587394243243, -2.652349300452779, 0.38726989748557417, -1.9260429354783553, 0.18547484951800156, 0.0, 0.0, 0.0, -0.7878324735482627, 0.0, 0.0, -0.5549598237775158, 0.1453238617686017, 0.0, 0.0, 0.012754145067232605, -1.5429932683766738, 0.05197502259378599, 2.104584549058122, 0.0, 0.0, 1.8429691886880126, 2.9772961213447444, 0.44765412838790714, 0.5816027783401525, 0.0, 0.0, -3.355728557624263, 0.0, 0.0, 0.0, -4.736485004618635], [0.2542471899368303, 1.4838306487132553, -1.2132774462078182, 1.5689845630912946, -0.3722129395610939, 0.0, 4.2202972840839115, 1.2086711932449958, -0.2073551198809855, 0.20815075767050667, -0.1540979478291043, 0.0, 0.0, 9.652026618170355, 0.0, 0.6569254717157745, -1.7838498638832347, 0.13357071963627737, 0.0, 0.0, -1.1789087727824767, -0.7848054437191309, -0.7495569183177364, 0.0, 0.0, -0.7516261640863996, 0.0, 0.0, -0.4371810377357005, 0.0, 0.11497626810619851, 0.5336166695642548, 0.0, 0.0, -0.5442361449078935, 0.0, 0.0, -1.0613457802246304, 0.22835632603960715, -0.08623607755026089, -0.6390841450954019, -0.46186395154806265, -0.030284293739058894, -2.180739980667821, 0.0, 0.0, 0.1314205078040198, -0.2320918198601663, -0.30155024228277943, 0.4403756401567324, 0.16511265587439297, 0.15531475667874542, -0.11580633433135826, 0.0, 0.09570009138704323, 0.0, 1.650322392964132, 0.0785067663130121, -0.12399501732574009, 0.3743858441867778, -0.3798030134596423, 0.0313948726077411, 0.429682036807573, 0.0, -0.2946592462691491, 0.3330436203361915, 0.0, -0.16014839643340834, 1.2799504756854745, -0.6566580332797988, -0.05913242729137991, 0.01574045216399937, 0.0, 0.2456105553444761, -0.5317014390843656, 0.025247720756707226, 0.5424470315070966, 0.019794685631355, 0.18376386966071437, 0.11226218405419962, 0.0, 0.0, 0.0, -0.004564388146716582, 0.13656335363687186, 1.2220350778135796, -0.3081201611566089, 0.11138868869933632, 0.8627473977346083, -1.5538110839363068, 0.0, -0.37526114561422874, 0.33524533919928434, 0.0047967898024809975, 1.1378891787362821, 0.0, 1.9097441630353766, 0.0, -0.9583165320325562, -1.2232594860339625], [0.0, -3.7467911956264257, 0.0, -2.4227967741457355, -0.5411412896659686, -0.3104776750384312, 0.0, 0.15450102967375864, 0.055607589366891176, 0.0, -0.4044037911951598, 0.0, -2.0038887254053037, 0.0, 11.112019805469242, 0.0, -2.4936310701333806, 0.0, -1.73834954851216, 0.0, 0.0, 1.2833763349342557, -0.9693719098451384, 0.0, 0.0, 0.0, 0.0, 0.5234462337919242, -0.563513384731076, 2.1912267201057234, -0.4643877673257553, 0.0, 0.0, 3.340038075990467, 2.1256511406424172, 0.03251965574916577, 5.602115318777334, 0.0, -0.9283751724323315, 0.0, 2.4369218233655574, -0.10078422386748842, 0.045709304343079904, 2.175662307134541, 0.0, 0.0, 1.0036993548352453, -0.6811391393724266, -0.2685170519990968, 0.4807353995325535, -0.08037734184299107, 0.0, 3.131417883267026, 1.6456629144626487, 0.7147522388649438, 2.4196882498136625, 0.0, 0.0, -4.163939263463682, 0.8175179951175341, -0.9112367962438616, 2.084350856883022, 0.06081730037691947, -1.5842626109544558, 0.0, -2.255488229839475, 1.4128126853416265, 0.0, 0.0, 3.1218142698078672, 0.0, -0.08546135680231942, 0.0, -0.165123710976816, 0.0, -0.003887203506114042, 0.19975047155424303, 0.435414915933151, 1.0133009001482973, 0.0, -0.15175638551904824, 1.7818883648065467, 0.0, 5.016319977310829, 1.35197865436694, -0.006586859824323626, 0.0, 0.18923720978001254, 0.0, -0.3508642881185522, -1.0385246336309808, -0.8973965982840162, 0.6866311855088991, -0.6403400479895365, -6.133670680948764, 0.0, 0.015408340624120838, -0.10239110878422718, 0.33575877971577733, 1.2703707331520944], [2.0731204034697033, -1.6876929947520254, -0.9816368527842966, 1.4049076528379976, 5.397087299944744, -5.953351166771909, 0.5024924112886816, 0.19991932103771098, 0.0, -0.538050836525269, 0.0, 0.14910262499756916, 0.0, 0.6569254717157745, 0.0, 15.567344142558268, -4.127193263310185, -0.27756513640248165, 0.0, 0.0, -1.6748252248479591, 0.0, 0.0, -0.22422823434288247, 0.0, -1.9451404113926731, -1.143490518210996, 0.0, 0.0, 0.8142525204906094, 0.36879525317733297, -1.1402297291832966, 0.0, 0.34811101461303684, 0.24526111189701671, 0.0, 0.18763461910542442, 0.9414866039405004, 0.9991374165471816, -1.0619677599356498, 3.24350720993858, -0.6346050123920565, -0.05238438153595123, -0.3511934003391021, -0.8042717314068268, 1.0227279988005202, -0.129083900901944, -1.4877641899121616, 0.06258784502712236, 0.0, 0.23955114433974586, 1.5076317978435858, 5.28546400617485, 0.0, -1.7278378161109527, 0.0, 0.0, 3.191913391800369, 0.8035818123652559, -0.5447402576473335, -0.0794162133186985, 3.467549798641139, -0.5409107149957441, -1.7191170723325016, -5.3922044070798645, 1.756103615269652, 0.20250706895142895, -0.4236508166023278, 1.140065100331908, 0.7162907380195096, -0.03187986759513756, -0.11440193166716693, -0.7589879726908215, 0.0, 0.0, 0.3757261439440362, 0.016306627183940145, 0.20196933881285767, -0.6746142709283178, 1.2259015236370239, -1.4357121279191258, 0.06061391558165302, 1.08987501268704, 0.0, -0.9806916487884035, -0.06981493892188864, 1.6737659889499894, 1.1475855331846498, 0.1289384978336371, 2.647918155756459, -3.921295713076046, 0.0, 1.3065573585934636, 0.0, 0.0, 0.0, 0.0, 0.0, 0.0, 0.0], [0.0, 2.6156774597052266, -0.04950785490311621, -0.8670734046731658, -2.091007048027956, 2.93331879621225, 0.0, 1.7407427010722336, -0.2925914957835339, -0.5108605652077433, 0.0, 0.7785008929926683, -0.7752491950264389, -1.7838498638832347, -2.4936310701333806, -4.127193263310185, 18.397579034000287, 0.0, 0.0, 2.539420698555636, 1.0301198731304733, 0.0, 0.7047041432010529, 1.5221064033290703, 1.1216439457651104, 1.7109084697054797, -0.9731121099120403, -0.154312788373672, -1.1482745019314682, 0.0, 0.0, 0.0, -0.3820778448912296, 1.0403135241720665, -1.7904417912038029, 0.23098237291045404, -3.8822658415538474, 0.4618689077574564, 5.642549508753901, 1.325220512616521, -2.6329445905128863, 0.4209550834327359, 0.0, 3.418923996140726, -2.7691287561416766, 0.05173016029701351, 3.1191402865577444, 2.140004310633101, 0.0, 0.09129373183454569, 2.0441551301102296, -1.432835282595995, -0.7402819597368624, -0.5699323607909055, 0.24843579827718648, -0.5773059794076499, 0.775068432512441, -0.6548917536781664, 2.276347910056371, 0.0, 4.805679440510161, -1.7444985495460168, 0.758361374609928, 0.5425829218775474, 0.0, -2.238402967897722, 0.7060752966133086, -0.09106771300577443, -6.2696035838351705, -1.1812840637116064, -0.3614049671345181, 0.5324879189812028, 0.0, -0.09458183638147517, 0.767101592547203, -0.08310381135392339, 1.36954808427511, -0.04618788588882989, -0.5078735327570316, -2.027404377482284, -0.08080699075354925, -0.642639238650121, -1.1906290602992, -1.081529525941347, -0.15680416181136939, -1.7152779417936839, 2.174830188853899, -0.03436273977905146, 0.5099298621884305, 3.36585122844072, 1.6229546918814926, -0.7392157900244268, -0.371114452104576, 0.63785713080033, 2.7364898952310464, 0.719721259307637, 0.0, 0.07083444106176029, 1.999856455459533, 0.7329515471068544], [-0.8514931765362584, -0.007862950898889415, 0.2552669245086434, -0.08280861178399415, -0.23300297407358936, -0.2944891484010637, 0.816756425235909, -2.1825029423006574, -0.8136343872266725, -0.3055967778486245, -1.9740282727657745, -0.10181034200749253, 0.0, 0.13357071963627737, 0.0, -0.27756513640248165, 0.0, 9.667971354586987, 0.0, -0.051848396969236876, 0.16141843785061152, -0.25819293699255697, 0.22586475200032483, 0.8487529436769791, -0.324044668029068, -2.4922071680615283, -2.148126924719295, -0.10651394741346598, -0.01605707217997015, 1.1404110696330836, -0.36135826368565954, -0.7065255767369937, 0.0, -1.2839728520006815, -0.3348927644594927, 0.1854394133124475, -0.25326904651115095, 0.0, 0.6436936054568636, -0.3885714876435799, -0.45358292225424945, 0.828755873360631, 1.5772890385212754, -1.3864146083910651, 0.1604760584386266, 0.9449410522391658, 0.5213531321416188, 0.3066337388520688, -0.12150156946629297, 0.0, 1.376708986581853, 0.6320098430422146, -0.3731795129271209, 3.5675397589244926, 0.8061416694655963, 0.0, -0.37504693024160124, 0.0, -0.0656003770317112, 1.0718773545719504, 0.19445855787820412, -0.4378900185106076, -1.4722194354968483, 1.099939941490843, -0.8110614239354746, 1.2046634610046987, -2.086115309420316, -1.547076545062576, -0.279588164719199, 0.2682373134189898, -0.6514236447818126, 0.03321903538039623, 0.3220845508047967, -2.2437611919282237, 1.0388352219995474, 0.22188778920142513, 0.0, -0.204955351536284, 0.11226619840452656, -0.36925243865647916, 0.11663481138975682, 4.051442890428522, -0.39483400990432355, 0.3426864090828662, -0.2872540355613897, -0.6817878819453685, -0.5903362480356699, -0.6506139728319691, 0.37530809589137293, 0.29014508138693557, 1.1252866430694781, 0.6532626765496652, -0.9632537509018914, 0.0, -0.6928676513652184, 0.0, 0.29728692789699207, 0.0, 0.2833455400760693, -0.385677481823728], [0.0, -0.025254728678745154, 0.0, -1.2641615379010966, -0.44973331478035167, 1.5018265860231828, -4.138104263349129, 0.9512421893219434, -0.7813105098334611, 1.8530221084013856, 0.0, 0.0, 2.0001703097240253, 0.0, -1.73834954851216, 0.0, 0.0, 0.0, 7.926145839115101, 0.9648258992335256, 0.21945317214876062, -5.1553342164266125, -1.5212199280938763, 0.17441170475347464, -2.589531444099398, -0.5735648414919801, -2.1244712234285354, 0.0, -0.20129114318927344, -1.7162782884261956, 0.37621278575264283, -0.7751632459811665, 3.1535614730843347, -1.6022633625049825, -0.8641717807675744, -1.5624347006613768, 0.0, 1.827230370524469, 0.4860925216694224, 0.4686558766684899, 0.7480243426198271, -0.2745841977477177, -0.6368756897056523, -1.9606191869113705, 0.0, 0.25901192067027096, -0.5921160328641173, 1.2922588604634742, -0.1386945918858244, 0.0, 0.0, -1.553459563325111, 0.9797067077906153, -3.539517748610928, -1.03548562846584, -1.0985968687379268, 0.983259732753205, -0.6152043197787956, -0.9617713778365564, 0.0, 0.0, -0.44699391804436345, -0.31710722500977734, 0.18806921332506665, -1.094367842632696, 1.2709569552977609, 1.2513859464727652, 0.0, -0.14575221259372076, -2.8832954949695844, 0.0, 0.0, 0.0, 0.8197394864727459, 0.0, -1.1721157640491988, 0.9379821107820818, 0.26539588207522097, 0.0, -0.7144963715257167, -4.12759208880399, -0.15015952950416614, -0.00978905457596807, 0.02517575550137214, 0.2738218153967022, 0.0, 2.2988820583821687, 0.0682089115743834, -0.47445954464781626, 0.052617218113676055, 1.8922213390205085, 0.2986622891774777, 2.0688456913286757, 0.0, -0.42742634573327504, -1.1657899451009295, 0.35038324563709766, 0.0, 0.0, -1.3250158118695174], [1.768814542277241, 2.2519340495507243, 0.3494863198153344, -1.6946063729947973, 0.0, 0.0, -1.3460494439943749, 1.8542661722390612, -0.48054311968252106, -0.8546075208399744, -0.21386358736307517, -0.17730819665337055, 0.0, 0.0, 0.0, 0.0, 2.539420698555636, -0.051848396969236876, 0.9648258992335256, 18.291380656399102, 3.1943649660247515, 1.1157900109843142, 0.0, 0.08337441101243837, -0.09154575439659673, -1.2701923337026595, -0.2636197796929498, 0.0, 0.0, -0.2781378879564298, 0.0, -1.1663079359501265, -5.628861762108234, 8.170221112434797, -1.0286201776312507, 0.4686792052779305, -0.6981796833974409, -2.090518210065034, 2.9217627853550754, -1.2761096540881054, 0.0, 0.20172945152628463, 0.0, 3.6145758957917926, -1.0201736530375003, 0.0, -0.17496175945531808, 0.03778520476346858, -0.018782100508810462, 0.0, -0.43134462784924055, -0.5761162541244959, 1.2535530228132796, -1.2091677476388312, 0.5482120228098432, -1.6562598983637449, -1.3881318306987245, -1.8462492366605994, 0.0, 0.0, 0.0, -1.0292220972295028, -0.3220070629923224, 0.19004966012336091, 0.9330040273586533, -0.0824585516712539, -0.7706522090567357, 0.0, 4.340230932565923, -0.09233863755562113, -1.5659752091551618, 0.0, 0.0, 0.0, 0.11937077663276426, -0.45163707263216263, 0.0, -1.976149162974577, 2.248575229604523, -1.4336150663785565, 0.18766737145008608, 1.454918607639193, -0.6100085621289464, 0.0, -0.07173602593339312, 0.9232418364913133, 0.038122284266295305, 0.3836183682048562, -0.6684644592690863, 0.0, 1.9039278074283703, -2.0344921803351443, -0.1509914165142666, 0.026803390637404223, 0.0, 0.41362687610936694, 0.0, 0.847677767818698, 0.8356091681866502, -0.8684142878826867], [-0.5537351331091162, 0.0, 1.3253917558615507, -0.13294828375204037, -0.23568290349105397, 0.06609521770425454, -1.9443706124327444, 0.427293240156809, -0.9900691164092714, 0.10066074747698313, 0.025064768605805348, -0.8714715993424265, -0.8729478295804647, -1.1789087727824767, 0.0, -1.6748252248479591, 1.0301198731304733, 0.16141843785061152, 0.21945317214876062, 3.1943649660247515, 16.72994533132599, -1.2305163310756173, -0.9294974351537536, 0.06668227012337155, -0.23717567989056842, -2.248991392982702, 0.0, -0.6999673503173008, -0.1710574840606361, -0.3771855108307209, -0.5912415200326608, 0.8994165114482968, -2.9229391788699894, -1.9530795627791098, 0.0, 0.9013751893276323, 0.6778312467112023, 2.866020169185621, 1.3520025174215542, -0.01356101450636768, -1.6253295094474698, 0.457209481811206, -1.960913388781243, -0.26928402809895335, -0.07459580853281098, -0.896716530328489, 1.2746678323495992, -0.1112142190316503, -0.03380705639427048, -0.009414536652846011, -0.9484817389099454, -1.3368876169040687, 0.0, -0.6800927594369408, 0.4311270574316417, -0.23884915844725166, 1.1094733016342797, 0.800012860560668, -0.31715653022247003, 0.0, 0.0, -0.06344727275109877, 0.0, 1.6888902176752005, -0.8105576961413896, 0.42456975411210535, 1.3126476677742103, 0.45261955772356627, 3.81827312842078, -0.6520595136913038, -5.857266274168196, 0.012930457143075946, 3.3328456602469596, -0.3311451522064054, -0.5888907347059255, 1.7135975785181403, -0.07727947067233716, -0.4717321791624942, -0.14450057060731317, -0.17169139265466193, 0.22062669297144757, 0.0, -0.481058465077717, 0.07592856572820768, 0.0, -1.6415444299382127, -0.4274449067933145, 0.0, -0.15000872119287118, -0.7431661042694122, 0.25243131041788497, 0.0, 0.8781886580389896, -1.992814299687487, -0.3435829893430698, 0.0, 0.7359207336431925, -1.2206850099122506, -0.13784884942906997, -0.19796858111495663], [0.355989455400647, 0.40528141201074774, 0.0, -0.4869765965452935, 4.166197138226138, -1.7508181226706567, 6.6549211375479045, -1.8743605942922783, 0.4450472461190832, -0.4102121379964758, 0.0, -0.24318449115482482, -1.2289776437227458, -0.7848054437191309, 1.2833763349342557, 0.0, 0.0, -0.25819293699255697, -5.1553342164266125, 1.1157900109843142, -1.2305163310756173, 24.58200041280446, 0.2710272552662633, 0.26222581466401035, 1.6256266548482765, 0.43867763892222955, 6.817864442377886, 0.0, 2.045872008040588, 0.6581960384858693, 0.4463692383074779, -2.3861039038789196, 0.8708360191550847, 1.5654122875181393, 2.1267924018525903, -0.568818390861949, -0.2633147524279198, 1.5650204114215902, -0.037653350734371316, -0.3288254423929283, -0.9285267527498866, 0.0, 1.0940396055083406, -2.218824090680844, 1.101073246079165, 0.0, -1.8026978505570785, -0.8970509985660071, 0.0, 0.9729176058819273, -0.7412985373336278, 0.9166172746158476, 0.0, 5.098441084945014, -0.7143742392861476, 0.2589125463482216, 0.4666156859938868, 1.2310791829003163, -0.9941594574378384, 0.34742022959442104, -3.361324041548312, -0.5208867583371855, -1.6504730745207865, 0.0, 5.743912953552895, 0.0, -2.364207353972056, 0.0, 1.197633295658919, 2.354039978250277, 2.3867929806551387, -0.6298915743585172, 0.0, -1.1137431458796194, 0.0, 1.6496722537665853, -5.06333588771477, -0.2972493023119806, 0.11828757755702643, -0.12332502124214431, 7.36558701296173, -0.056353149596575405, 0.13240783958127414, -0.46808650887034897, -0.48163222529727234, 0.5176123574336592, 2.621088937547182, -0.16376682448703106, 0.0, 0.4341502625014162, 0.0, 3.890191390056096, -3.6389458329597524, 0.0, -0.983531643488792, 0.0729146040791041, 0.9181803226394822, -0.43635422235361576, 0.0, -0.9908059321121142], [0.3121077466476186, -0.022229052899681218, -3.0228582760323084, -2.8505993237918466, 1.22545283241646, -0.2294973909225047, 0.2219079431707498, -0.35279505500235364, 2.5853732819347868, 1.2410758427225443, 0.617698621017451, 0.17151365675507746, 0.0, -0.7495569183177364, -0.9693719098451384, 0.0, 0.7047041432