n: 50
m: 30
H: [[145.54148305117423, 19.533949690248683, -10.544300020697767, 22.938667171147408, 30.872762502277205, 27.92509595961937, 23.07686277886997, -19.468927524578426, 11.234817345437731, 37.96656707836156, 39.719401772152764, 31.21903805311069, 48.670098141124576, -4.460207451827893, 6.666071591252241, 31.06291047857844, 24.0582630727411, 16.143301925644835, 14.658152986952917, 21.662322477897344, -20.381874379281513, 5.106478564277453, -13.501964001192313, -3.2440481681292903, 4.163909040840947, 41.20907269271262, 18.10523672607382, 18.411626763038523, 22.96393936615814, 0.413496464423289, -16.09629674656552, 11.884164785698298, -20.68902599371611, 47.19315087064019, 38.61792434353262, 34.955032344018356, 21.68356725186185, -2.2970006350587067, 27.932368594423586, 14.044219154498041, 25.39354167080162, 20.468452936775687, 81.51545205781835, 38.11603276427785, -0.18898657874622726, -15.687283159452818, -36.21977121112651, 28.349512740897836, 27.47874660567991, 29.99055200147271], [19.533949690248683, 311.02819778896003, 70.30999970506866, 65.3575371969017, 56.73407183212859, 24.33405099337929, 69.62137393663686, 113.29651349686999, 63.53062235743781, 87.12323418910866, 84.10070894385406, 99.04876306708113, 71.92193495463563, 65.83704551131984, 63.550716739578995, 122.60778474157867, 69.3643601240912, 70.39577046939266, 35.96919757802873, 68.79604178900374, 64.57257684586493, 29.546109306874357, 67.76811700374577, 21.899616066556977, 114.13848610750426, 66.5648689146105, 39.92909565025744, 113.9503209083085, 63.57330949824648, 18.776032197854857, 117.56007831482258, 87.92542092580261, 22.45453939049208, 134.3027269578317, 84.15020070318498, 112.4605583611935, 97.71461237043903, 79.74957008998587, 6.261659734346453, 65.8625484138793, 47.69248924034834, 30.21716431265946, 52.55240681775065, 33.08542688415176, 155.37704124555935, 61.69915900081517, 92.3781746811907, 66.72413583827615, 42.16737882020823, 54.95761630949537], [-10.544300020697767, 70.30999970506866, 190.11535770686953, 41.85256262040731, 51.645420090677106, 9.929038584326262, 56.20571746877914, 20.33252254061767, 23.454665876440213, -13.111737442112032, 51.381533293477, 36.05103293678429, 49.274608381200856, 43.221249901675755, 7.4968953647917775, 41.34074741223514, 13.67516299420017, 32.33414405121012, 25.022175403479125, 50.80962955214446, 41.11883186722255, 23.09693515087947, 60.69033313754993, 40.61573196066223, 41.30556524423178, 36.41188332263235, -5.966251747075163, 45.08753823130761, -26.696141840974274, 54.17382944454474, 89.81805448310104, 26.83868376782432, 47.38870230030146, 35.29248696406471, 0.026092670536889795, 57.52646109064016, 22.99822266098922, 50.27534166388299, 21.6181846938632, 62.022285416774395, 4.46873939500762, -5.68550809187148, -10.933209920868086, -16.994107406268462, 65.41216751226902, 63.065608848229644, 6.679404995047786, 68.07482047483533, 56.96097715724502, 90.7445153310907], [22.938667171147408, 65.3575371969017, 41.85256262040731, 216.53833945566504, 17.299662019197644, 33.015779026924946, 67.13022450726268, 58.92608037871536, 88.19016864370329, 61.12799524654667, 80.81932739366074, 79.9120948045857, 42.93020026120385, 62.85495124637524, 61.18105882360909, 110.17694115557148, 88.22593364925717, 19.25034532344244, 52.33000521589391, 62.01778147519556, 40.33231253604532, 70.86469614672257, 46.20121142585875, 83.39737539646305, 56.48093486859224, 117.01166773823579, 56.37585641240429, 17.319103222954343, 29.556264061558537, 32.67730034295, 94.38333546941973, 10.211450429373736, -4.938306155867548, 68.71963128588015, 79.8338286197885, 6.3750837849478295, 110.74374048981738, 55.37803655261349, 42.60838007006456, 88.49760886888292, -18.639669797049848, 4.0473555482719865, 22.514605735649983, 75.72437833258029, 64.9092063800799, 52.19121293681265, 96.07965921345054, 128.55977229884363, 37.96256960290247, 32.811500833598366], [30.872762502277205, 56.73407183212859, 51.645420090677106, 17.299662019197644, 211.01353490218332, 35.269756321726724, 33.89319998961542, 33.74744852457892, 34.43015250086238, 10.136273292898133, 4.40091778517865, 53.71051752030146, 33.40895591638661, -24.282078904947483, 12.566662078570813, 118.81398642822369, 65.33368209099615, 59.395455691077245, -8.493571739434449, 49.41011974816128, 36.743411198259025, 18.824123436199763, 58.619682222788335, 8.485675168453062, 39.27892772043766, 71.88426186549053, 19.69950864324812, 81.5405177618063, 7.9810557452237765, 36.86962767035423, 22.96686992516883, 51.37211716834048, 12.633489573452104, 86.81233718018521, 54.13486252217492, 29.85434465346945, 34.42749242588625, 38.83442193386675, 38.14742040073728, 70.7964218570103, -16.737443658309235, 13.330108177308169, -2.001114162854245, 7.283316036453015, 37.4596298732826, 49.07636179454052, 5.651779449506704, 52.81257512841357, 25.471575584056023, 69.23658913461156], [27.92509595961937, 24.33405099337929, 9.929038584326262, 33.015779026924946, 35.269756321726724, 203.17377146179277, 26.14955077488993, 72.54260498019536, 23.69560731205224, 40.475448167065444, 61.74612533758343, 103.74467600722413, 15.362167637545205, 17.18790997670374, 36.58917968656527, 89.36270209076376, 71.85271968227005, 55.813349865871146, 55.53674092838357, 64.99435864333117, 56.88991580484155, 24.339840783149228, 27.698137552525814, 32.32598967727959, 74.00685738498046, 40.36136749859631, -8.551856612540677, 37.12291903733545, 70.23692724694001, 51.39179222922216, 117.61723384645687, 46.39949131970338, 23.95364085751749, 82.67128336703281, 84.92064982460009, 7.3699298785312575, 0.887119326433109, 55.36574552915014, 34.20195514038596, 26.018660888902126, 31.47364321277939, 72.31704813900951, 69.88341507590489, 57.121964546338845, 50.71436644432235, 46.33919412438222, 21.059720454433126, 34.519698220830925, 86.4562998941792, 42.71202728048516], [23.07686277886997, 69.62137393663686, 56.20571746877914, 67.13022450726268, 33.89319998961542, 26.14955077488993, 258.4670389041778, 87.30043715686071, 57.37488731009905, 19.088973728654075, 45.79316573713409, 93.57426348160608, 84.23672103363577, 38.86368132112984, 34.68644263865551, 97.62957831829182, 76.27168914403013, 89.56582936926685, 64.65738242964632, 40.93443523593704, 68.45086431599327, 79.61373392570947, 50.03393656939412, 79.35494757293607, 37.218404868981864, 23.96985892370096, 76.83469098084969, 104.10057223910192, 34.217184902982204, 39.20931095227313, 100.00685632523468, 56.06765335646764, 10.202149160483124, 75.00996875606529, 16.316605055819743, 56.75717886808253, 79.22360938701746, 59.32414182680051, 84.5439312630316, 61.4314238930778, 26.566441033049408, 14.894875489646633, 38.050087015279345, 98.8494311542593, 80.50779474952114, 43.30059630812654, 125.45265208708992, 168.61357143409245, 57.01244757238428, 98.33920112539286], [-19.468927524578426, 113.29651349686999, 20.33252254061767, 58.92608037871536, 33.74744852457892, 72.54260498019536, 87.30043715686071, 275.8698100241526, 56.985216164204395, 47.89775064369871, 44.03570765795662, 20.935009231061468, 58.15882393979851, 24.20622179586197, 37.61343101367781, 93.44874761942611, 54.577304820683835, 47.378093517730484, 32.07273517872345, 94.98766168465171, 90.40257482182261, 18.60894238443801, 23.786609718466263, 19.463297571078552, 61.8451246978954, 64.87002046929189, 32.0546256076088, 76.97582715219073, 55.4602589608229, 25.52727444590349, 110.86648662427021, 90.07062498758518, 17.299817627981863, 141.57036149826658, 72.49789999970415, 35.442531342792265, 46.329526562519426, 110.84753408755503, 92.95500789084501, 87.15344709556786, 35.27490650500918, 31.52324843472461, 22.609773170690616, 34.525720997227964, 113.40688834867288, 52.75032473617269, 117.85302915580509, 78.69535915044325, 65.04128249794033, 104.24375792047053], [11.234817345437731, 63.53062235743781, 23.454665876440213, 88.19016864370329, 34.43015250086238, 23.69560731205224, 57.37488731009905, 56.985216164204395, 241.8698146249796, 67.06274009388366, 41.419323146503096, 48.749843757629115, 22.599319502851735, -17.274962394203705, 50.98536128239536, 98.90640047412323, 110.34245243824087, 64.6417105819688, -5.366480032176672, 43.99669286453589, 21.505506820595787, 34.86630566028301, 49.87569934458163, 62.50135571313823, 89.67952594252802, 21.181032584162075, 59.51576178798525, 82.12598198176929, 45.23648019900257, -2.7196184836645476, 51.93524375341446, 72.17019902573782, 24.32903282238229, 83.91263412886903, 65.80524135380429, 64.88633739762123, 58.86430340358847, 42.76429544667012, 19.17466579390207, 43.87500790606625, -30.167199746759927, 21.485232655542934, 57.888629375806524, 26.336355450835295, 123.97484096219901, 56.218974003026595, 27.41142939851694, 98.83723264109805, 56.90606587741181, 56.75449926086974], [37.96656707836156, 87.12323418910866, -13.111737442112032, 61.12799524654667, 10.136273292898133, 40.475448167065444, 19.088973728654075, 47.89775064369871, 67.06274009388366, 216.48011284184642, 65.40196599592342, 87.12572306581409, 42.024581008443114, 37.380443838392814, 50.56644572378689, 120.40366023458915, 86.9088662159323, 54.627780325588034, 53.711844960453014, 46.067267384892986, -23.20814333771951, -3.0948881167628666, 17.26864870704022, 49.962632889959764, 42.56130377754879, 88.98450822219755, 52.780295082522784, 63.88771728367714, 74.5203320329148, 58.218883738159356, -6.12743505341569, 83.88203238801985, 30.50520309931833, 102.41063380146107, 89.70676980746315, 18.181149387129143, 37.084938187817556, 63.69987439825928, 21.773320182945795, 62.432475670707674, 4.26847214298438, 82.10050443151991, 68.91774384798897, 39.44550652400233, 120.19705892934425, 55.02661386446343, -9.336595128017294, 50.63545639627074, 62.435816730762745, 45.979102414427345], [39.719401772152764, 84.10070894385406, 51.381533293477, 80.81932739366074, 4.40091778517865, 61.74612533758343, 45.79316573713409, 44.03570765795662, 41.419323146503096, 65.40196599592342, 251.72649219258605, 70.61245443815403, 108.50286866644853, 43.52269484338097, 44.14469935360268, 49.37020942480466, 37.44107432199231, 19.950475289713474, 74.19640111853118, 45.09904029354325, 23.47606330241279, 3.7958896498690016, 35.48600576169265, 57.17878677159731, 19.64748911042013, 102.21451912628817, 43.68924714794383, -1.7086526962907655, 79.90531277598292, 15.758107329901076, 95.48591166202768, 37.4109644468717, 17.055499093097048, 112.44125568225965, 78.15651285205557, 42.64916498575545, 78.92152893923581, 54.22978729576608, 81.06772207118016, 20.179685662401624, -3.995363966212843, 14.776690655870588, 68.04769364425452, 26.150036484448936, 130.83884068614194, -18.639359583734542, 69.78071865850325, 66.10058174327934, 98.0215513455384, 55.27207990049949], [31.21903805311069, 99.04876306708113, 36.05103293678429, 79.9120948045857, 53.71051752030146, 103.74467600722413, 93.57426348160608, 20.935009231061468, 48.749843757629115, 87.12572306581409, 70.61245443815403, 248.7851037975026, 26.48214029831999, 51.99447602199162, 69.30352997361737, 141.0952058871433, 80.87384487596422, 82.8577625783345, 57.82034017208863, 65.09432428091101, 27.892954948511814, 54.107153759345216, 80.27574943165311, 45.374089745851826, 85.71973964429596, 132.35445374456964, 40.394824601528214, 89.41489776575762, 104.09548650075611, 63.85044021286351, 86.25492546021965, 57.81846548786716, 17.63532762539932, 87.74672195732175, 77.29011751226882, 78.03550760510817, 68.17072161240146, 52.3865347705986, 35.72355311151027, 60.08927223401525, 12.470716806559182, 81.6738130410153, 70.03823196189458, 92.31125602365053, 116.92487250270199, 52.20177146406473, 80.00781707012565, 126.59618574622662, 48.35774071334431, 69.42692039999014], [48.670098141124576, 71.92193495463563, 49.274608381200856, 42.93020026120385, 33.40895591638661, 15.362167637545205, 84.23672103363577, 58.15882393979851, 22.599319502851735, 42.024581008443114, 108.50286866644853, 26.48214029831999, 245.6187194162434, 33.414261196445025, -10.294852636977915, 39.8850640638005, 65.78255450544951, 64.9094351028054, 35.870675973542646, 74.43198993409439, 46.00204984743498, 58.27623880132166, 10.580337630921296, 32.55666411032115, 6.999623686695541, 1.805244435136445, 12.57754728071068, 46.85379850493632, 9.551028943240233, 11.33535574449054, 134.6331592639637, 28.502577413610553, 32.461897495452135, 107.69704567154524, 80.01977925371767, 10.272391526450388, 46.35459303236588, 71.30054720077446, 56.81297230590724, 13.442077790846989, 59.80145340646677, 21.89196027945076, 80.31688545402899, 3.6272159470620773, 68.78459027366819, -20.84820249617328, 57.94033811160257, 38.11626660257322, 61.093236747646856, 58.168716721136846], [-4.460207451827893, 65.83704551131984, 43.221249901675755, 62.85495124637524, -24.282078904947483, 17.18790997670374, 38.86368132112984, 24.20622179586197, -17.274962394203705, 37.380443838392814, 43.52269484338097, 51.99447602199162, 33.414261196445025, 204.67865754180946, 81.7550491326767, 24.96214347692434, -8.317357964638418, 15.576213921239374, 96.72738369255386, 54.20298989171807, 50.96771311789893, 26.318905764895998, 2.6923858550189093, 43.27302173462265, 38.275970700463525, 84.75487230107868, 30.439333157813444, 58.00984670745599, 70.56296905337398, 34.15677008293271, 68.21572944577656, -1.9618425098920462, 39.838923175074726, 63.61856425917316, 21.583343711205764, -9.472087593133248, 50.33045783005984, 34.80850582849987, 29.026563456309898, 20.28432665381839, 39.593179089746826, -10.152014674528147, 53.77234185907251, 15.08676481031771, 86.69707672101809, 26.94110541267782, 60.39328410255286, 42.39653113719944, 79.14733429697041, -27.316044462103072], [6.666071591252241, 63.550716739578995, 7.4968953647917775, 61.18105882360909, 12.566662078570813, 36.58917968656527, 34.68644263865551, 37.61343101367781, 50.98536128239536, 50.56644572378689, 44.14469935360268, 69.30352997361737, -10.294852636977915, 81.7550491326767, 200.17382392952027, 120.01603804088748, 16.15119065303454, 69.83707933575229, 30.632117192645172, 78.9789861707023, 18.69554001237024, 12.315014875357349, 58.238438659557815, 58.562903269485766, 100.40443652630222, 99.6405177810791, 39.11328757972372, 69.86018412185112, 107.6856339580511, 0.0227209944796416, 66.62015259205548, 58.34337257445973, 18.337822398329873, 50.26854034853948, 39.88292502087127, 69.79779179927613, 66.13046994220805, 70.52973842945745, 54.266443800205906, 51.192866767694646, 15.529286445927509, 28.890331210758063, 57.4694961177646, 98.54401909478118, 88.54610513503086, 47.55949582598745, 61.00519374828689, 34.990153860904236, 39.38252486942479, 19.996618717883486], [31.06291047857844, 122.60778474157867, 41.34074741223514, 110.17694115557148, 118.81398642822369, 89.36270209076376, 97.62957831829182, 93.44874761942611, 98.90640047412323, 120.40366023458915, 49.37020942480466, 141.0952058871433, 39.8850640638005, 24.96214347692434, 120.01603804088748, 486.7797734366233, 126.18049430581554, 97.09997624729456, 52.780412548428274, 133.7849725230076, 107.19300479040282, 49.10711299077224, 90.16188865310473, 103.60411610193124, 73.82033921000503, 133.70492153868767, 100.73249785233223, 145.3624858284261, 102.48848945726408, 30.693428685646108, 130.88969101737723, 136.00842850604255, -44.42005833392572, 171.58458930461885, 129.118878818808, 121.57302611559801, 103.93996775672576, 166.33550771153602, 92.20423489086838, 149.16843904395998, -22.01105691696535, 105.17104428719331, 57.433434182280216, 99.3454694103098, 138.73569434215744, 123.73351067749182, 60.75240674158792, 100.72032764217903, -13.477838389127065, 138.00990128594123], [24.0582630727411, 69.3643601240912, 13.67516299420017, 88.22593364925717, 65.33368209099615, 71.85271968227005, 76.27168914403013, 54.577304820683835, 110.34245243824087, 86.9088662159323, 37.44107432199231, 80.87384487596422, 65.78255450544951, -8.317357964638418, 16.15119065303454, 126.18049430581554, 266.4826447323862, 61.20832944687254, 46.679376354523995, 41.6479609735735, 7.225233846260444, 52.23248773759297, 9.076734269859694, 63.281237050388924, 56.43978596396519, 39.68356241626723, 25.028867129136962, 15.777248338868077, 48.71882843351219, 59.045460630788085, 95.30157554303919, 42.878885095010325, 40.758638625818826, 44.28345307011594, 87.40476803359505, -25.002053298400764, 23.560148038418152, 26.72899795031435, 47.206938386042246, 57.270339228184305, 21.101756999974295, 54.22129957118225, 48.91739786618629, 73.51914794395547, 92.9498812661323, 47.12387893022395, 60.42683612649523, 104.08559615776463, 63.546241070402445, 55.860874718038374], [16.143301925644835, 70.39577046939266, 32.33414405121012, 19.25034532344244, 59.395455691077245, 55.813349865871146, 89.56582936926685, 47.378093517730484, 64.6417105819688, 54.627780325588034, 19.950475289713474, 82.8577625783345, 64.9094351028054, 15.576213921239374, 69.83707933575229, 97.09997624729456, 61.20832944687254, 228.75784584479214, -2.934610468408175, 59.58932796129058, 47.436334082159384, 51.89005574356503, 70.32247072423338, 6.564368791744855, 71.02350152093516, 28.46636657145925, 4.472429266569082, 83.63499801080184, 94.81028216998467, 50.01069395582358, 137.50656950093298, 57.235903850545476, 9.943984186948708, 45.332695494083204, 43.463775914839616, 0.7542228916206107, 65.29032413597547, 89.10551240417283, 24.77480376751653, 93.05364164236269, 10.760442921468735, 82.232924497119, 44.98121240193348, 108.92888553193195, 95.03832896689951, 34.86265507530029, 51.55499544676801, 38.65536983969078, 18.08732849010135, 60.52613219121659], [14.658152986952917, 35.96919757802873, 25.022175403479125, 52.33000521589391, -8.493571739434449, 55.53674092838357, 64.65738242964632, 32.07273517872345, -5.366480032176672, 53.711844960453014, 74.19640111853118, 57.82034017208863, 35.870675973542646, 96.72738369255386, 30.632117192645172, 52.780412548428274, 46.679376354523995, -2.934610468408175, 261.74483536314335, 29.50346129497126, -28.033785843154504, -0.769996840232805, -17.53311148135456, 35.749679515255345, 38.93896610898798, 80.58219437873326, 35.25431061674112, 57.10984193726274, 14.865098696329953, 66.99005169913737, 71.45800622973682, -4.073286896646292, 7.513363446626444, 68.82960789512279, 28.50368277304213, 28.991846385242255, 47.29151997581256, 44.50573877903743, 63.719482805491445, -9.797500590282434, 29.059068219754874, 27.944062676096372, 16.201759311238717, 29.812494313905724, 50.100449749929474, 25.45309929523522, 53.73890490420516, 19.58496632234612, 72.56140127953148, -22.77542944452386], [21.662322477897344, 68.79604178900374, 50.80962955214446, 62.01778147519556, 49.41011974816128, 64.99435864333117, 40.93443523593704, 94.98766168465171, 43.99669286453589, 46.067267384892986, 45.09904029354325, 65.09432428091101, 74.43198993409439, 54.20298989171807, 78.9789861707023, 133.7849725230076, 41.6479609735735, 59.58932796129058, 29.50346129497126, 211.5552848888083, 63.19999667604934, 32.62263668433201, 32.29704717723407, 74.06279404095903, 70.98860657859109, 75.31793573865484, -7.213776012384143, 77.08050364638633, 50.457716893434316, 16.6861530615906, 106.83747951082253, 56.33383383390817, 38.46001299848741, 53.761665010416, 68.65076963807797, 35.455124585765795, 80.7711533381394, 73.11102344071868, 62.37484243536143, 95.7956752732159, 42.11272474043768, 10.085116673867832, 79.12506865208155, 69.937643168709, 109.28512723434118, 55.81734258671964, 35.16375588466867, 52.38425763490434, 53.45291881888014, 85.8324711824859], [-20.381874379281513, 64.57257684586493, 41.11883186722255, 40.33231253604532, 36.743411198259025, 56.88991580484155, 68.45086431599327, 90.40257482182261, 21.505506820595787, -23.20814333771951, 23.47606330241279, 27.892954948511814, 46.00204984743498, 50.96771311789893, 18.69554001237024, 107.19300479040282, 7.225233846260444, 47.436334082159384, -28.033785843154504, 63.19999667604934, 232.2086171074922, 71.17817819632421, 43.71144160276128, 21.886995027379946, 1.5793889015332576, 18.01711260432085, 27.608207242921985, 42.91332356109187, 67.14557758936607, -21.67463998679699, 146.04341253142897, 77.15829716569375, 26.106245248098947, 97.2247251787528, 43.454238855580414, 36.179799405443525, 24.22328673360354, 92.07050347556766, 62.34439128854642, 27.002723176471594, 28.8989859938013, 16.20032410099079, 2.2771738573553435, 48.678964148737926, 71.09687464148107, 49.334710284965595, 84.31844428079386, 68.36218706570935, 77.27422037877189, 74.52919736047095], [5.106478564277453, 29.546109306874357, 23.09693515087947, 70.86469614672257, 18.824123436199763, 24.339840783149228, 79.61373392570947, 18.60894238443801, 34.86630566028301, -3.0948881167628666, 3.7958896498690016, 54.107153759345216, 58.27623880132166, 26.318905764895998, 12.315014875357349, 49.10711299077224, 52.23248773759297, 51.89005574356503, -0.769996840232805, 32.62263668433201, 71.17817819632421, 174.4054589040932, 43.174879534655766, 26.284383013113768, 5.681831394503986, 27.12304231339154, 39.40460501354757, 30.794710139534505, 7.573847038716717, -19.596737131547073, 110.85447455464721, -0.5412168220266789, -13.229433844988414, 40.060441018178594, 8.954881546864115, 40.165677819874674, 32.57446045078251, 22.095255345532205, 8.209407066432505, 22.155540187760735, -23.280913213764382, 11.233890819243266, 51.717421053655535, 89.93459161276367, 73.8164002831278, 7.597156648984527, 102.39942832228883, 96.54203180961497, 32.596801222325276, 24.78899362930659], [-13.501964001192313, 67.76811700374577, 60.69033313754993, 46.20121142585875, 58.619682222788335, 27.698137552525814, 50.03393656939412, 23.786609718466263, 49.87569934458163, 17.26864870704022, 35.48600576169265, 80.27574943165311, 10.580337630921296, 2.6923858550189093, 58.238438659557815, 90.16188865310473, 9.076734269859694, 70.32247072423338, -17.53311148135456, 32.29704717723407, 43.71144160276128, 43.174879534655766, 215.3391433439236, 69.45098413460572, 44.80268551056999, 51.17285456486857, 36.55589607051201, 81.51553583546357, 25.20191854966605, 41.753071465321156, 98.75506067980588, 54.48036560757683, -8.641984860160594, 34.49037474240345, 14.3997777973475, 71.51015124880321, 21.103617803792787, 39.587537854869915, 35.888936177153504, 61.774064942087485, 19.216619538076355, 26.864221301390174, 17.26048386738705, 8.464759419823723, 75.53064859943176, 22.79888191575163, 48.43305055417738, 67.3697389157627, 46.202603498070324, 106.78349216253804], [-3.2440481681292903, 21.899616066556977, 40.61573196066223, 83.39737539646305, 8.485675168453062, 32.32598967727959, 79.35494757293607, 19.463297571078552, 62.50135571313823, 49.962632889959764, 57.17878677159731, 45.374089745851826, 32.55666411032115, 43.27302173462265, 58.562903269485766, 103.60411610193124, 63.281237050388924, 6.564368791744855, 35.749679515255345, 74.06279404095903, 21.886995027379946, 26.284383013113768, 69.45098413460572, 245.39355363329338, 43.88667418604896, 64.50785019970955, 76.01450770831683, 60.808532327969736, 49.13825408299323, 43.21651956381705, 37.31170655273795, 55.53655200775661, -0.8551462101600371, 26.623061683258104, 70.81013088983647, -33.14701015133752, 50.880327984410066, 55.08508875473706, 54.727662048667426, 73.06841217624036, 47.598719153999845, -22.883344508088367, 48.1714908288865, 33.281014457446304, 80.57718355856414, 47.04863578501243, 10.81808137784673, 70.32326527620242, 55.962678937435896, 65.46295299711419], [4.163909040840947, 114.13848610750426, 41.30556524423178, 56.48093486859224, 39.27892772043766, 74.00685738498046, 37.218404868981864, 61.8451246978954, 89.67952594252802, 42.56130377754879, 19.64748911042013, 85.71973964429596, 6.999623686695541, 38.275970700463525, 100.40443652630222, 73.82033921000503, 56.43978596396519, 71.02350152093516, 38.93896610898798, 70.98860657859109, 1.5793889015332576, 5.681831394503986, 44.80268551056999, 43.88667418604896, 228.19099852503223, 50.83306200938408, -1.7512874164876955, 115.64676782909612, 63.48117017872471, 17.447979531490695, 75.12353769818107, 68.49004862556198, 44.33284304628689, 80.4559983007659, 68.99414555397895, 81.02878788955505, 59.55534624497914, 43.237085241027344, -7.25515034459463, 50.98700812761289, 42.764020093757644, 32.561929642005815, 67.57329690879068, 53.577899801045525, 110.18031218860216, 48.87088937865057, 30.06466165924735, 0.9230552469894038, 42.67284472402293, -10.257381395552883], [41.20907269271262, 66.5648689146105, 36.41188332263235, 117.01166773823579, 71.88426186549053, 40.36136749859631, 23.96985892370096, 64.87002046929189, 21.181032584162075, 88.98450822219755, 102.21451912628817, 132.35445374456964, 1.805244435136445, 84.75487230107868, 99.6405177810791, 133.70492153868767, 39.68356241626723, 28.46636657145925, 80.58219437873326, 75.31793573865484, 18.01711260432085, 27.12304231339154, 51.17285456486857, 64.50785019970955, 50.83306200938408, 272.8412736001877, 98.37826370438475, 60.59161370959197, 118.94290532093603, 65.88304878340607, 47.54468788854118, 64.81803194035206, -14.235702992120428, 96.77152993192063, 82.09651605663545, 43.64055867251727, 92.27351700333168, 89.17193893038356, 104.69319951538102, 89.76430437665685, 7.604371998335622, 49.70495753824766, 22.333563359722383, 77.39471756173928, 143.49201738897202, 55.298074936832094, 73.80040355133217, 75.77284529617614, 86.75637898514654, 81.3294371362118], [18.10523672607382, 39.92909565025744, -5.966251747075163, 56.37585641240429, 19.69950864324812, -8.551856612540677, 76.83469098084969, 32.0546256076088, 59.51576178798525, 52.780295082522784, 43.68924714794383, 40.394824601528214, 12.57754728071068, 30.439333157813444, 39.11328757972372, 100.73249785233223, 25.028867129136962, 4.472429266569082, 35.25431061674112, -7.213776012384143, 27.608207242921985, 39.40460501354757, 36.55589607051201, 76.01450770831683, -1.7512874164876955, 98.37826370438475, 197.7878735587447, 65.19699164037392, 69.24527124016177, 2.210169771320685, 25.534620420922277, 47.84796802145674, -59.7433760144844, 118.55267792523783, 72.40778648251141, 6.935218999333324, 42.81318182931897, 53.58547067383972, 95.01601684840341, 41.13349589385461, 2.6411517287638864, 18.420781954281892, -25.075663324914764, 20.686124588855446, 88.30010361930302, 9.815267562511172, 31.779803111593232, 78.24585684535357, 84.41534113287746, 58.04309539218846], [18.411626763038523, 113.9503209083085, 45.08753823130761, 17.319103222954343, 81.5405177618063, 37.12291903733545, 104.10057223910192, 76.97582715219073, 82.12598198176929, 63.88771728367714, -1.7086526962907655, 89.41489776575762, 46.85379850493632, 58.00984670745599, 69.86018412185112, 145.3624858284261, 15.777248338868077, 83.63499801080184, 57.10984193726274, 77.08050364638633, 42.91332356109187, 30.794710139534505, 81.51553583546357, 60.808532327969736, 115.64676782909612, 60.59161370959197, 65.19699164037392, 288.2701175231317, 61.42363634483063, 46.07845048870318, 90.11144752846567, 104.21755358131058, 65.48404675516562, 125.21000602545377, 69.52621427396244, 102.54997954829705, 37.51386931386107, 108.94702806551095, 37.90140420461005, 86.09025594589073, 46.3772627464433, 63.43679777223193, 134.0718992200139, 34.475503189402076, 142.91475352634066, 55.289727606561016, 65.03493915018313, 89.01290448015268, 65.94183604268048, 51.70573436527368], [22.96393936615814, 63.57330949824648, -26.696141840974274, 29.556264061558537, 7.9810557452237765, 70.23692724694001, 34.217184902982204, 55.4602589608229, 45.23648019900257, 74.5203320329148, 79.90531277598292, 104.09548650075611, 9.551028943240233, 70.56296905337398, 107.6856339580511, 102.48848945726408, 48.71882843351219, 94.81028216998467, 14.865098696329953, 50.457716893434316, 67.14557758936607, 7.573847038716717, 25.20191854966605, 49.13825408299323, 63.48117017872471, 118.94290532093603, 69.24527124016177, 61.42363634483063, 283.89557906875245, 8.811558321519462, 63.735102637930815, 71.88304828257536, 15.285310579974622, 97.20440911171059, 61.77869024049096, 28.381079749170667, 90.08776319973647, 138.17123636546157, 53.13802679166799, 63.00567119473786, 48.12285542285288, 94.14598638862462, 40.60321465278624, 106.24388476043043, 143.74138707491102, 65.46399068692995, 104.64693824400887, 37.772058789130504, 102.35896739115132, 57.14678282053416], [0.413496464423289, 18.776032197854857, 54.17382944454474, 32.67730034295, 36.86962767035423, 51.39179222922216, 39.20931095227313, 25.52727444590349, -2.7196184836645476, 58.218883738159356, 15.758107329901076, 63.85044021286351, 11.33535574449054, 34.15677008293271, 0.0227209944796416, 30.693428685646108, 59.045460630788085, 50.01069395582358, 66.99005169913737, 16.6861530615906, -21.67463998679699, -19.596737131547073, 41.753071465321156, 43.21651956381705, 17.447979531490695, 65.88304878340607, 2.210169771320685, 46.07845048870318, 8.811558321519462, 178.80532794869194, 12.892556776461683, 9.015607919750364, 18.293131230314643, 9.256888735584415, 29.78188622768014, -50.03902179806492, -23.702294020157428, 26.183448496595975, 18.665135182393005, 60.62719981155341, 8.059369010636678, 32.99583031705959, 3.022671364349845, 2.4570482883653155, 14.951064805187398, 34.18950926149724, -7.0041622581143335, 38.48339112963137, 30.011746645605555, 32.16872673516684], [-16.09629674656552, 117.56007831482258, 89.81805448310104, 94.38333546941973, 22.96686992516883, 117.61723384645687, 100.00685632523468, 110.86648662427021, 51.93524375341446, -6.12743505341569, 95.48591166202768, 86.25492546021965, 134.6331592639637, 68.21572944577656, 66.62015259205548, 130.88969101737723, 95.30157554303919, 137.50656950093298, 71.45800622973682, 106.83747951082253, 146.04341253142897, 110.85447455464721, 98.75506067980588, 37.31170655273795, 75.12353769818107, 47.54468788854118, 25.534620420922277, 90.11144752846567, 63.735102637930815, 12.892556776461683, 420.46675697702784, 27.88406822891324, 45.5975457798237, 67.62621032430559, 65.55308899835522, 12.555945364035441, 36.492342919844866, 170.4388705599869, 67.05109795840555, 20.345369295255864, 72.44009432459937, 41.74189482106773, 32.11497572117886, 60.9433901601237, 113.60468018115425, 44.82005080120941, 138.65327830267952, 104.2224363536077, 107.4441491379727, 76.57585318103847], [11.884164785698298, 87.92542092580261, 26.83868376782432, 10.211450429373736, 51.37211716834048, 46.39949131970338, 56.06765335646764, 90.07062498758518, 72.17019902573782, 83.88203238801985, 37.4109644468717, 57.81846548786716, 28.502577413610553, -1.9618425098920462, 58.34337257445973, 136.00842850604255, 42.878885095010325, 57.235903850545476, -4.073286896646292, 56.33383383390817, 77.15829716569375, -0.5412168220266789, 54.48036560757683, 55.53655200775661, 68.49004862556198, 64.81803194035206, 47.84796802145674, 104.21755358131058, 71.88304828257536, 9.015607919750364, 27.88406822891324, 236.13029138447942, 60.77261226892054, 111.6238065621367, 95.66356518140492, 82.49394796161172, 39.73388724117699, 97.51003030742574, 19.05376397280731, 64.30337257832495, 11.398310516821626, 80.99671278486458, 56.182014705288175, 62.116037686494856, 142.28855249578882, 89.30970260475716, 57.99092405026082, 86.28260979622938, 42.83302771635454, 90.41081247658695], [-20.68902599371611, 22.45453939049208, 47.38870230030146, -4.938306155867548, 12.633489573452104, 23.95364085751749, 10.202149160483124, 17.299817627981863, 24.32903282238229, 30.50520309931833, 17.055499093097048, 17.63532762539932, 32.461897495452135, 39.838923175074726, 18.337822398329873, -44.42005833392572, 40.758638625818826, 9.943984186948708, 7.513363446626444, 38.46001299848741, 26.106245248098947, -13.229433844988414, -8.641984860160594, -0.8551462101600371, 44.33284304628689, -14.235702992120428, -59.7433760144844, 65.48404675516562, 15.285310579974622, 18.293131230314643, 45.5975457798237, 60.77261226892054, 196.85927411853467, 10.525034507684417, 17.587660692785942, 25.207410294786815, -35.15541887391867, 39.61753541802313, -8.659321727979748, 17.474138058240637, 89.80160717719266, 18.458744933832907, 86.3745747063118, -4.637779852892304, 50.70755064893524, 33.67823504311968, 19.904123834183284, 46.89344532993299, 60.28972387786041, -4.850901834479698], [47.19315087064019, 134.3027269578317, 35.29248696406471, 68.71963128588015, 86.81233718018521, 82.67128336703281, 75.00996875606529, 141.57036149826658, 83.91263412886903, 102.41063380146107, 112.44125568225965, 87.74672195732175, 107.69704567154524, 63.61856425917316, 50.26854034853948, 171.58458930461885, 44.28345307011594, 45.332695494083204, 68.82960789512279, 53.761665010416, 97.2247251787528, 40.060441018178594, 34.49037474240345, 26.623061683258104, 80.4559983007659, 96.77152993192063, 118.55267792523783, 125.21000602545377, 97.20440911171059, 9.256888735584415, 67.62621032430559, 111.6238065621367, 10.525034507684417, 337.1584740780152, 176.0757423180452, 119.44821083216488, 104.93769208592964, 108.95968575713417, 108.88454844002618, 87.30506891714289, 36.09507181037884, 46.555808501122456, 62.747251906009964, 57.22507235592969, 154.84581752619667, 48.831399372238614, 49.600878447521325, 84.69413031788676, 104.55975076567599, 69.63661574627909], [38.61792434353262, 84.15020070318498, 0.026092670536889795, 79.8338286197885, 54.13486252217492, 84.92064982460009, 16.316605055819743, 72.49789999970415, 65.80524135380429, 89.70676980746315, 78.15651285205557, 77.29011751226882, 80.01977925371767, 21.583343711205764, 39.88292502087127, 129.118878818808, 87.40476803359505, 43.463775914839616, 28.50368277304213, 68.65076963807797, 43.454238855580414, 8.954881546864115, 14.3997777973475, 70.81013088983647, 68.99414555397895, 82.09651605663545, 72.40778648251141, 69.52621427396244, 61.77869024049096, 29.78188622768014, 65.55308899835522, 95.66356518140492, 17.587660692785942, 176.0757423180452, 245.89355779392494, 14.39037684523474, 60.47757862311633, 79.23988844662219, 47.12027676345301, 77.59941602833243, 38.34829048338618, 55.87735452047643, 48.9841065607769, 21.17812550294689, 100.4163934541051, 15.40826347436871, 9.573156747321917, 53.85502226084318, 99.64326126831727, 53.14739499292506], [34.955032344018356, 112.4605583611935, 57.52646109064016, 6.3750837849478295, 29.85434465346945, 7.3699298785312575, 56.75717886808253, 35.442531342792265, 64.88633739762123, 18.181149387129143, 42.64916498575545, 78.03550760510817, 10.272391526450388, -9.472087593133248, 69.79779179927613, 121.57302611559801, -25.002053298400764, 0.7542228916206107, 28.991846385242255, 35.455124585765795, 36.179799405443525, 40.165677819874674, 71.51015124880321, -33.14701015133752, 81.02878788955505, 43.64055867251727, 6.935218999333324, 102.54997954829705, 28.381079749170667, -50.03902179806492, 12.555945364035441, 82.49394796161172, 25.207410294786815, 119.44821083216488, 14.39037684523474, 290.25206753559036, 63.12291367913622, 45.01868505001274, 22.019664980489, 15.491815033997895, 5.423061475063164, 58.38669287598729, 75.56815254963446, 51.1298630619017, 125.85051231224406, 42.745417641610096, 64.8185817842782, 39.60016190699437, 23.127063634970582, 54.63424782425318], [21.68356725186185, 97.71461237043903, 22.99822266098922, 110.74374048981738, 34.42749242588625, 0.887119326433109, 79.22360938701746, 46.329526562519426, 58.86430340358847, 37.084938187817556, 78.92152893923581, 68.17072161240146, 46.35459303236588, 50.33045783005984, 66.13046994220805, 103.93996775672576, 23.560148038418152, 65.29032413597547, 47.29151997581256, 80.7711533381394, 24.22328673360354, 32.57446045078251, 21.103617803792787, 50.880327984410066, 59.55534624497914, 92.27351700333168, 42.81318182931897, 37.51386931386107, 90.08776319973647, -23.702294020157428, 36.492342919844866, 39.73388724117699, -35.15541887391867, 104.93769208592964, 60.47757862311633, 63.12291367913622, 263.29362810501976, 57.50996008772836, 39.37543529742186, 107.1981328281018, -14.690497732017258, -8.015774162402911, 19.928323972813164, 123.18437539683373, 109.76807339534777, 51.72896000093922, 95.07847932653827, 76.20593646895968, -3.388339577305736, -21.779600551469073], [-2.2970006350587067, 79.74957008998587, 50.27534166388299, 55.37803655261349, 38.83442193386675, 55.36574552915014, 59.32414182680051, 110.84753408755503, 42.76429544667012, 63.69987439825928, 54.22978729576608, 52.3865347705986, 71.30054720077446, 34.80850582849987, 70.52973842945745, 166.33550771153602, 26.72899795031435, 89.10551240417283, 44.50573877903743, 73.11102344071868, 92.07050347556766, 22.095255345532205, 39.587537854869915, 55.08508875473706, 43.237085241027344, 89.17193893038356, 53.58547067383972, 108.94702806551095, 138.17123636546157, 26.183448496595975, 170.4388705599869, 97.51003030742574, 39.61753541802313, 108.95968575713417, 79.23988844662219, 45.01868505001274, 57.50996008772836, 238.934179464412, 48.19865115848041, 97.0540352230287, 45.542368613115386, 104.2049591608356, -0.5235287918797571, 49.504118864907994, 120.90051757370179, 105.04884424499701, 69.07880084855637, 58.02076834343141, 76.77798369370839, 96.96843856927195], [27.932368594423586, 6.261659734346453, 21.6181846938632, 42.60838007006456, 38.14742040073728, 34.20195514038596, 84.5439312630316, 92.95500789084501, 19.17466579390207, 21.773320182945795, 81.06772207118016, 35.72355311151027, 56.81297230590724, 29.026563456309898, 54.266443800205906, 92.20423489086838, 47.206938386042246, 24.77480376751653, 63.719482805491445, 62.37484243536143, 62.34439128854642, 8.209407066432505, 35.888936177153504, 54.727662048667426, -7.25515034459463, 104.69319951538102, 95.01601684840341, 37.90140420461005, 53.13802679166799, 18.665135182393005, 67.05109795840555, 19.05376397280731, -8.659321727979748, 108.88454844002618, 47.12027676345301, 22.019664980489, 39.37543529742186, 48.19865115848041, 250.24556135717012, 55.74162218029346, 66.37007388917279, 27.98986390933026, 49.05972698334644, 44.416709005099925, 67.96283224100375, -3.4581044773739005, 34.13004420705037, 37.97875192634619, 85.32917140427445, 65.01049645587395], [14.044219154498041, 65.8625484138793, 62.022285416774395, 88.49760886888292, 70.7964218570103, 26.018660888902126, 61.4314238930778, 87.15344709556786, 43.87500790606625, 62.432475670707674, 20.179685662401624, 60.08927223401525, 13.442077790846989, 20.28432665381839, 51.192866767694646, 149.16843904395998, 57.270339228184305, 93.05364164236269, -9.797500590282434, 95.7956752732159, 27.002723176471594, 22.155540187760735, 61.774064942087485, 73.06841217624036, 50.98700812761289, 89.76430437665685, 41.13349589385461, 86.09025594589073, 63.00567119473786, 60.62719981155341, 20.345369295255864, 64.30337257832495, 17.474138058240637, 87.30506891714289, 77.59941602833243, 15.491815033997895, 107.1981328281018, 97.0540352230287, 55.74162218029346, 257.841275055001, -16.423590716407315, 46.863171695999554, 34.220351751881836, 97.43089979175697, 84.83480637990831, 63.307019823939285, -2.143725372116281, 68.0786627830684, 16.91439644871639, 71.83972956572369], [25.39354167080162, 47.69248924034834, 4.46873939500762, -18.639669797049848, -16.737443658309235, 31.47364321277939, 26.566441033049408, 35.27490650500918, -30.167199746759927, 4.26847214298438, -3.995363966212843, 12.470716806559182, 59.80145340646677, 39.593179089746826, 15.529286445927509, -22.01105691696535, 21.101756999974295, 10.760442921468735, 29.059068219754874, 42.11272474043768, 28.8989859938013, -23.280913213764382, 19.216619538076355, 47.598719153999845, 42.764020093757644, 7.604371998335622, 2.6411517287638864, 46.3772627464433, 48.12285542285288, 8.059369010636678, 72.44009432459937, 11.398310516821626, 89.80160717719266, 36.09507181037884, 38.34829048338618, 5.423061475063164, -14.690497732017258, 45.542368613115386, 66.37007388917279, -16.423590716407315, 251.31422788482737, 35.95581689614887, 49.70006573292782, 9.434417660769284, 14.071934301380026, -5.606390394893073, -16.4286409803032, -26.596305376612545, 84.1961389242845, 55.966364520216786], [20.468452936775687, 30.21716431265946, -5.68550809187148, 4.0473555482719865, 13.330108177308169, 72.31704813900951, 14.894875489646633, 31.52324843472461, 21.485232655542934, 82.10050443151991, 14.776690655870588, 81.673813041015