n: 10
m: 6
H: [[58.98566465738652, 14.617037322046174, -0.36953481188614834, 31.117438589795157, -10.446825955086618, 36.08792010611301, -5.718536941660306, 17.887963401312323, 30.795629516022636, 5.435997399170942], [14.617037322046174, 26.843719842339045, 13.00617987575719, 5.092540136586633, 9.556336853903009, 6.535586538146289, 14.630945815314405, -2.9126753900758118, 17.58462022539777, 4.582272722831252], [-0.36953481188614834, 13.00617987575719, 34.85515328707999, -4.947126625475576, 4.359549876307225, 4.945505413354876, 15.197003808125196, 15.107305524447593, 16.76523730777937, 23.355754819025037], [31.117438589795157, 5.092540136586633, -4.947126625475576, 24.777190218061904, -16.564075372094372, 15.630860543100685, -6.470113412474753, 4.0206360127354985, 15.68259343580629, -4.160321514351237], [-10.446825955086618, 9.556336853903009, 4.359549876307225, -16.564075372094372, 45.69470283440894, -17.562247065383808, 24.64036432599508, 0.1252184310575819, -24.028133357456078, 14.639354678700794], [36.08792010611301, 6.535586538146289, 4.945505413354876, 15.630860543100685, -17.562247065383808, 51.757084607269725, 4.1722133884869965, 19.618434628207595, 44.40541804170317, -2.4117772856842175], [-5.718536941660306, 14.630945815314405, 15.197003808125196, -6.470113412474753, 24.64036432599508, 4.1722133884869965, 44.12949582170567, 4.090156859123223, 6.961753272468657, 7.793314155478141], [17.887963401312323, -2.9126753900758118, 15.107305524447593, 4.0206360127354985, 0.1252184310575819, 19.618434628207595, 4.090156859123223, 47.58266330258403, 13.82736376944074, 15.435920893314272], [30.795629516022636, 17.58462022539777, 16.76523730777937, 15.68259343580629, -24.028133357456078, 44.40541804170317, 6.961753272468657, 13.82736376944074, 56.32118019813066, -4.285149160123258], [5.435997399170942, 4.582272722831252, 23.355754819025037, -4.160321514351237, 14.639354678700794, -2.4117772856842175, 7.793314155478141, 15.435920893314272, -4.285149160123258, 43.58921779438249]]
g: [86.39544212480973, -26.17498227590062, 63.187177492087145, 44.81879145268299, 14.08391066962966, 77.74866909916139, -24.45109037514849, -19.635821017431727, -1.7825991327271735, 49.27354039523573]
AI: [[9.502590481596153, 7.877842205714295, 14.553189096915883, 10.653709590971484, 7.103548434564149, 3.690963841533147, 13.498660277467028, 6.939538814916728, 10.035486381004484, 10.042505199373508], [4.053889914700866, 8.113499857906284, 7.304187906874423, 9.220076199839728, 6.295151246418481, 9.677798779241268, 5.5695049521860645, 8.227900734361047, 5.117035189025766, 9.179971792466091], [7.416584078987445, 5.939342190429069, 3.815533473032729, 5.3474510808212905, 4.932686435107814, 2.18681524395058, 5.966946681557436, 7.317169398240384, 4.0591876911244515, 2.442687551500592]]
bI: [-57.396510293630236, -67.26292005230474, -103.03389162963039]
AE: [[4.104750871484172, 2.7629751093078996, 6.379963930863984, 8.421499845279964, 7.720396866884109, 3.5354891496334626, 7.587662181892773, 1.339484755270858, 7.026931842300007, 7.392254358893836], [6.063128785043144, 7.4680608531054915, 3.0085053310086445, 8.069101507866897, 4.621094738903918, 9.146435172487347, 7.522963696709299, 10.104424783586403, 12.166964954259011, 10.440245909379216], [4.719234025966328, 4.612580648105039, 2.498782581627699, 0.7985080751731823, 3.7481408410803634, 4.276041128784062, 6.925654136718956, 4.96351215137952, 11.417030425597538, 5.805396568024316]]
bE: [5.79924663084681, -44.705012321711166, -135.326767520582]
