n: 10
m: 100
H: [[2.8479808689906188, -0.1784614984925262, 2.483069565749271, 0.0, 0.0, 3.9891493353608567, -2.757724853084978, 0.02778908747964534, 0.1885341604573961, -0.026894025303694766], [-0.1784614984925262, 0.916325369520116, 0.0, 0.0, 0.0, 0.0, 1.2553772172341553, -0.19633207092187835, -0.8768203639256331, 0.19532175950821187], [2.483069565749271, 0.0, 5.278837315741041, 0.0, 0.0, 2.1731973106216773, -2.4478007912329023, 0.0, 0.8273625973627344, 0.0], [0.0, 0.0, 0.0, 0.01, 0.0, 0.0, 0.0, 0.0, 0.0, 0.0], [0.0, 0.0, 0.0, 0.0, 0.9413517484099699, 0.0, -1.349158311039817, 0.0, -0.42958702879835103, 0.0], [3.9891493353608567, 0.0, 2.1731973106216773, 0.0, 0.0, 7.145368091348198, -3.523154494202734, 0.0, 0.0, 0.0], [-2.757724853084978, 1.2553772172341553, -2.4478007912329023, 0.0, -1.349158311039817, -3.523154494202734, 7.410264871249023, -0.4628855427358299, 0.6223007700449089, 0.47288622753786247], [0.02778908747964534, -0.19633207092187835, 0.0, 0.0, 0.0, 0.0, -0.4628855427358299, 1.1379142705275478, 0.009052922114508869, -0.07201948340059142], [0.1885341604573961, -0.8768203639256331, 0.8273625973627344, 0.0, -0.42958702879835103, 0.0, 0.6223007700449089, 0.009052922114508869, 5.8591053114722955, 0.0], [-0.026894025303694766, 0.19532175950821187, 0.0, 0.0, 0.0, 0.0, 0.47288622753786247, -0.07201948340059142, 0.0, 0.08357547097548437]]
g: [1.8085432063675289, -1.4130679974822082, 2.523305085099418, 0.34731780090557945, -0.88735951265543, -1.0596172451724628, 0.34795146080345163, -1.558664452881952, -0.9950410264657443, 2.621152518208821]
AI: [[0.0, 0.0, 0.0, 0.0, 0.0, 0.0, 1.729584940157357, 0.47683236026382925, 0.0, 0.0], [-2.7491078429294333, 0.0, 0.0, 0.0, -0.28959962961254965, -0.32423852297326766, 0.0, 0.8972290516712532, 0.0, -0.7494902066498905], [0.0, 0.0, 0.0, 0.0, 0.0, 0.0, 0.4733199729231119, -0.4050696914523879, 0.0, 0.0], [0.0, 0.0, -0.34936824148840767, -0.1620941567359475, 0.0, 0.0, 0.0, -1.0768851288892676, 0.022950526444911235, 0.0], [0.0, 0.0, 0.0, 0.0, 0.0, 0.632560355914393, 0.7210112088061318, 0.0, 0.0, 0.0], [0.0, 0.0, -0.9146349361766963, 0.0, 0.0, 0.0, 0.0, 0.0, 0.24269165150941382, 0.0], [1.183412872552235, -1.2945894522814214, 0.0, 0.0, -0.2954525659691083, 0.0, 0.0, 0.6383479802291128, 0.0, 0.0], [0.0, 0.0, 0.0, -0.2964660533855844, 1.3548179882958258, -0.11387896710123618, 0.0, 0.7639953877601036, 0.0, 0.0], [0.0, 0.3860030234102317, 0.0, 0.0, 1.1295481394599152, 0.0, -0.5145887520731687, -1.0419671000814184, 0.0, 0.0], [0.0, 0.0, 0.0, 0.0, 0.0, 0.0, 0.0, 0.0, -0.4017706569317789, 0.0], [0.44856744303729223, 0.34427065037787674, 0.0, 0.0, 2.050158170574666, 0.28143276356040703, 0.0, 0.0, 0.0, -0.10197468405690324], [-1.3042758106291312, -0.5934788149524468, 0.14577398584417414, 0.0, 0.0, 0.0, 0.0, 0.0, 0.0, 0.0], [0.0, 0.0, 0.0, 0.0, 0.0, 0.0, 0.0, -0.338991286759954, 0.0, 0.0], [0.0, 0.0, 0.0, 0.0, 0.0, 0.0, 0.5372566992443464, 1.0830522825275988, 0.0, 0.0], [-1.8647213870208788, 0.0, 1.4916138335563238, 0.0, 0.0, 0.4329595079543438, 0.5983094200460594, 0.0, 0.0, 0.0], [0.0, 0.0, 0.0, 0.0, 0.0, 0.0, 0.0, 0.0, 0.0, 0.0], [-1.095579151458505, 0.0, 0.0, 0.4583844771119325, -0.3138204137742432, 0.0, 0.0, -0.5506467645583875, -0.3326538225026616, 0.0], [0.0, 0.8548421321837113, 0.0, 0.6365025782557143, 0.0, 0.0, 0.0, 0.0, 0.33833141749958134, 0.0], [0.0, 1.5192598603976177, 1.7636253496541865, 0.9794610010179011, 0.0, 0.0, 0.0, 0.0, 0.0, -0.3101407725977365], [0.0, 0.0, 2.3531747120749467, 0.0, 0.0, 0.0, 0.0, 0.0, 0.0, -0.6508125603629249], [0.0, -0.9500428093622222, 0.0, 0.0, 0.0, 0.0, 0.0, 0.0, 0.0, 0.0], [0.6971480618925352, 0.0, 1.299411904499328, 0.0, 0.0, 0.0, 0.5030237770796838, 0.0, 1.0890906529515922, 0.0], [0.0, 0.0, 0.0, -0.43961620235154897, 1.1234818473016717, 0.0, 1.3647667345398589, 0.0, 0.0, 0.0], [-0.3160808243765528, -0.19580127637727018, 0.0, 0.0, 0.0, 1.4069539268126687, -0.5312274402099882, -1.4111814173607926, -0.4588371533390309, 0.0], [0.0, 0.0, -1.7589850627863193, 0.3205967081621125, 0.0, 0.0, 0.0, 0.026566472890221814, 0.0, 1.3067692445928136], [0.0, 0.0, 0.0, 0.9899143681249353, 0.0, 1.3046982492352532, 0.0, 0.0, 0.0, -1.3721586722916153], [1.6386255736574191, 0.0, 0.0, 0.0, 0.0, 0.40722113738052357, 0.0, -0.08712186807560099, 0.0, 1.040773243675752], [-1.2550427132532753, 0.0, 1.3509554954688632, 0.0, 0.0, 1.1805802281063789, 0.0, 0.0, 0.0, 0.0], [0.0, 0.0, -2.0869158539712482, 0.0, -0.32554195410017267, 0.0, 0.0, 0.0, 0.0, 0.0], [0.0, 0.0, 0.0, 0.0, 0.0, 0.0, 0.0, 0.0, 0.0, 0.43245785786472773], [-0.18764498374928718, 0.0, 0.0, 0.0, 0.0, -0.2730979916006682, 0.0, 0.0, 0.3304259192638187, 0.0], [0.0, 0.0, 0.0, 0.0, 0.0, 0.0, 0.0, 0.0, 1.3206689378049221, 0.0], [0.0, -1.2967198041797319, 0.0, 0.2968510468312586, 0.0, 0.0, 0.0, 0.0, 0.0, -0.9341047356923061], [0.0, 0.0, 0.0, 0.0, 0.0, 0.0, 0.0, 0.0, 0.0, 0.0], [-1.3402855758695185, 0.0, 0.0, 0.0, 0.0, 0.0, 0.22088225858001695, -1.239680600823944, 0.3002727991587194, 0.0], [0.0, 0.0, 0.0, 0.0, -0.0688080934097005, 0.0, 0.0, 0.0, 0.0, 0.0], [0.0, 0.20672387745463283, 0.0, 0.0, 0.5668253593130639, 0.0, 0.0, 0.24093258706240517, 0.0, 0.0], [0.0, 0.0, 0.0, -0.004493458277290239, 0.0, 0.0, -0.20886669559046003, 0.0, 0.0, 0.0], [0.0, 1.6175081338076032, 0.9864914876202889, 0.0, 0.0, 0.0, 0.055433895426801674, 1.6557677972539753, -1.1889919241885842, 0.0], [-2.7586097379011547, 0.05561496628093736, -0.18296753250432093, 0.0, -1.5211410712000066, 0.0, 0.0, 0.0, 0.0, 0.0], [0.0, 0.0, 0.0, 0.0, 0.0, -0.5505590689295516, -0.4941190337016777, 0.0, -0.1657841236242634, 0.0], [0.0, 0.0, 0.0, 0.0, 0.0, 0.0, -0.6861964229282352, 0.0, 0.0, -1.01042473377542], [0.0, 0.0, -0.6273582511656239, 0.0, 0.0, 0.0, 0.0, 0.0, 0.0, 0.0], [0.0, 0.0, 0.6836658936359149, 0.0, 0.0, 0.0, 0.0, 0.0, 0.0, 0.0], [0.0, 0.0, 0.0, 0.0, 0.0, 0.0, 0.0, -0.10296416784965488, 0.14576818864108126, 0.0], [0.0, 0.0, 0.0, 0.802565953124269, 0.0, 0.0, 0.0, 0.0, 0.0, 0.0], [0.0, 0.0, 0.0, -0.438172843890455, 0.0, 0.0, 0.0, 0.0, 0.0, -0.3138798099456295], [0.0, 0.0, -0.3408864237925867, 0.0, 0.0, 0.0, 0.0, 0.0, 2.2654847477488835, 0.0], [0.15696679082439755, 0.0, 0.0, 0.0, 0.0, 0.0, 0.0, 0.0, 0.0, 0.0], [0.0, 0.0, 0.0, 0.0, 0.0, 0.0, 0.6950159812762866, 0.0, 0.0, -0.14268551002296231], [-0.0, -0.0, -0.0, -0.0, -0.0, -0.0, -1.729584940157357, -0.47683236026382925, -0.0, -0.0], [2.7491078429294333, -0.0, -0.0, -0.0, 0.28959962961254965, 0.32423852297326766, -0.0, -0.8972290516712532, -0.0, 0.7494902066498905], [-0.0, -0.0, -0.0, -0.0, -0.0, -0.0, -0.4733199729231119, 0.4050696914523879, -0.0, -0.0], [-0.0, -0.0, 0.34936824148840767, 0.1620941567359475, -0.0, -0.0, -0.0, 1.0768851288892676, -0.022950526444911235, -0.0], [-0.0, -0.0, -0.0, -0.0, -0.0, -0.632560355914393, -0.7210112088061318, -0.0, -0.0, -0.0], [-0.0, -0.0, 0.9146349361766963, -0.0, -0.0, -0.0, -0.0, -0.0, -0.24269165150941382, -0.0], [-1.183412872552235, 1.2945894522814214, -0.0, -0.0, 0.2954525659691083, -0.0, -0.0, -0.6383479802291128, -0.0, -0.0], [-0.0, -0.0, -0.0, 0.2964660533855844, -1.3548179882958258, 0.11387896710123618, -0.0, -0.7639953877601036, -0.0, -0.0], [-0.0, -0.3860030234102317, -0.0, -0.0, -1.1295481394599152, -0.0, 0.5145887520731687, 1.0419671000814184, -0.0, -0.0], [-0.0, -0.0, -0.0, -0.0, -0.0, -0.0, -0.0, -0.0, 0.4017706569317789, -0.0], [-0.44856744303729223, -0.34427065037787674, -0.0, -0.0, -2.050158170574666, -0.28143276356040703, -0.0, -0.0, -0.0, 0.10197468405690324], [1.3042758106291312, 0.5934788149524468, -0.14577398584417414, -0.0, -0.0, -0.0, -0.0, -0.0, -0.0, -0.0], [-0.0, -0.0, -0.0, -0.0, -0.0, -0.0, -0.0, 0.338991286759954, -0.0, -0.0], [-0.0, -0.0, -0.0, -0.0, -0.0, -0.0, -0.5372566992443464, -1.0830522825275988, -0.0, -0.0], [1.8647213870208788, -0.0, -1.4916138335563238, -0.0, -0.0, -0.4329595079543438, -0.5983094200460594, -0.0, -0.0, -0.0], [-0.0, -0.0, -0.0, -0.0, -0.0, -0.0, -0.0, -0.0, -0.0, -0.0], [1.095579151458505, -0.0, -0.0, -0.4583844771119325, 0.3138204137742432, -0.0, -0.0, 0.5506467645583875, 0.3326538225026616, -0.0], [-0.0, -0.8548421321837113, -0.0, -0.6365025782557143, -0.0, -0.0, -0.0, -0.0, -0.33833141749958134, -0.0], [-0.0, -1.5192598603976177, -1.7636253496541865, -0.9794610010179011, -0.0, -0.0, -0.0, -0.0, -0.0, 0.3101407725977365], [-0.0, -0.0, -2.3531747120749467, -0.0, -0.0, -0.0, -0.0, -0.0, -0.0, 0.6508125603629249], [-0.0, 0.9500428093622222, -0.0, -0.0, -0.0, -0.0, -0.0, -0.0, -0.0, -0.0], [-0.6971480618925352, -0.0, -1.299411904499328, -0.0, -0.0, -0.0, -0.5030237770796838, -0.0, -1.0890906529515922, -0.0], [-0.0, -0.0, -0.0, 0.43961620235154897, -1.1234818473016717, -0.0, -1.3647667345398589, -0.0, -0.0, -0.0], [0.3160808243765528, 0.19580127637727018, -0.0, -0.0, -0.0, -1.4069539268126687, 0.5312274402099882, 1.4111814173607926, 0.4588371533390309, -0.0], [-0.0, -0.0, 1.7589850627863193, -0.3205967081621125, -0.0, -0.0, -0.0, -0.026566472890221814, -0.0, -1.3067692445928136], [-0.0, -0.0, -0.0, -0.9899143681249353, -0.0, -1.3046982492352532, -0.0, -0.0, -0.0, 1.3721586722916153], [-1.6386255736574191, -0.0, -0.0, -0.0, -0.0, -0.40722113738052357, -0.0, 0.08712186807560099, -0.0, -1.040773243675752], [1.2550427132532753, -0.0, -1.3509554954688632, -0.0, -0.0, -1.1805802281063789, -0.0, -0.0, -0.0, -0.0], [-0.0, -0.0, 2.0869158539712482, -0.0, 0.32554195410017267, -0.0, -0.0, -0.0, -0.0, -0.0], [-0.0, -0.0, -0.0, -0.0, -0.0, -0.0, -0.0, -0.0, -0.0, -0.43245785786472773], [0.18764498374928718, -0.0, -0.0, -0.0, -0.0, 0.2730979916006682, -0.0, -0.0, -0.3304259192638187, -0.0], [-0.0, -0.0, -0.0, -0.0, -0.0, -0.0, -0.0, -0.0, -1.3206689378049221, -0.0], [-0.0, 1.2967198041797319, -0.0, -0.2968510468312586, -0.0, -0.0, -0.0, -0.0, -0.0, 0.9341047356923061], [-0.0, -0.0, -0.0, -0.0, -0.0, -0.0, -0.0, -0.0, -0.0, -0.0], [1.3402855758695185, -0.0, -0.0, -0.0, -0.0, -0.0, -0.22088225858001695, 1.239680600823944, -0.3002727991587194, -0.0], [-0.0, -0.0, -0.0, -0.0, 0.0688080934097005, -0.0, -0.0, -0.0, -0.0, -0.0], [-0.0, -0.20672387745463283, -0.0, -0.0, -0.5668253593130639, -0.0, -0.0, -0.24093258706240517, -0.0, -0.0], [-0.0, -0.0, -0.0, 0.004493458277290239, -0.0, -0.0, 0.20886669559046003, -0.0, -0.0, -0.0], [-0.0, -1.6175081338076032, -0.9864914876202889, -0.0, -0.0, -0.0, -0.055433895426801674, -1.6557677972539753, 1.1889919241885842, -0.0], [2.7586097379011547, -0.05561496628093736, 0.18296753250432093, -0.0, 1.5211410712000066, -0.0, -0.0, -0.0, -0.0, -0.0], [-0.0, -0.0, -0.0, -0.0, -0.0, 0.5505590689295516, 0.4941190337016777, -0.0, 0.1657841236242634, -0.0], [-0.0, -0.0, -0.0, -0.0, -0.0, -0.0, 0.6861964229282352, -0.0, -0.0, 1.01042473377542], [-0.0, -0.0, 0.6273582511656239, -0.0, -0.0, -0.0, -0.0, -0.0, -0.0, -0.0], [-0.0, -0.0, -0.6836658936359149, -0.0, -0.0, -0.0, -0.0, -0.0, -0.0, -0.0], [-0.0, -0.0, -0.0, -0.0, -0.0, -0.0, -0.0, 0.10296416784965488, -0.14576818864108126, -0.0], [-0.0, -0.0, -0.0, -0.802565953124269, -0.0, -0.0, -0.0, -0.0, -0.0, -0.0], [-0.0, -0.0, -0.0, 0.438172843890455, -0.0, -0.0, -0.0, -0.0, -0.0, 0.3138798099456295], [-0.0, -0.0, 0.3408864237925867, -0.0, -0.0, -0.0, -0.0, -0.0, -2.2654847477488835, -0.0], [-0.15696679082439755, -0.0, -0.0, -0.0, -0.0, -0.0, -0.0, -0.0, -0.0, -0.0], [-0.0, -0.0, -0.0, -0.0, -0.0, -0.0, -0.6950159812762866, -0.0, -0.0, 0.14268551002296231]]
bI: [-0.278657369069676, -0.638008424601962, -0.8156275179043151, -0.6357846342326258, -0.4992034539713103, -0.390757084584591, -0.9737665839854166, -0.6981609966053869, -0.08343968544371805, -0.12067774005354315, -0.2362030823244451, -0.2679960048520986, -0.3491355403183837, -0.4288792946947715, -0.46803712992681135, -0.587491958836826, -0.41728870313315236, -0.6054636373504381, -0.3529773467124676, -0.90119749149838, -0.3777194644123072, -0.6672263228390599, -0.39038066495071333, -0.21569807085561687, -0.07436690534281631, -0.8542226488313925, -0.3041098411541425, -0.6004336573401815, -0.23123763660574737, -0.08216801476227154, -0.9333145551079516, -0.4347499266400775, -0.9713485965954336, -0.9937431041017915, -0.7751534599873838, -0.9384494887846627, -0.2894018776403081, -0.2781459679064524, -0.09560687567341142, -0.3513013627714847, -0.7752843084717034, -0.5880644127742356, -0.4705171564438664, -0.19186676571047734, -0.7073084455177041, -0.13746904641735258, -0.9083436026742724, -0.42254787892789736, -0.03820220189129997, -0.19420276804884662, -0.3253331571490846, -0.7457289003202625, -0.9323678077508618, -0.2890906630476382, -0.11716937464981358, -0.07048342348416603, -0.29279131119191903, -0.150537946581209, -0.8331805764626075, -0.8560074231823133, -0.9609818273816355, -0.0016877574499328807, -0.2221544011575839, -0.09528676918265233, -0.23809470190531712, -0.20100789071490244, -0.7988703035867196, -0.3830094977309274, -0.03858950705623487, -0.41778320013849146, -0.237139477715533, -0.2420859798091104, -0.3370560198970587, -0.1095501332215234, -0.5390625233851797, -0.5282533920459433, -0.36152409463467694, -0.18009602809778835, -0.28477948275920095, -0.8978668926876445, -0.024595527793476624, -0.3311716375592678, -0.25980411588029595, -0.19225569185347513, -0.06818145349513005, -0.9401476322774766, -0.8971823190454131, -0.36783189616778167, -0.4710138922641436, -0.5191649225381826, -0.9263509660575067, -0.6821103839223178, -0.6964714550224962, -0.30287251493638, -0.773700150147597, -0.5879991405809998, -0.18808601755569943, -0.5133337931169354, -0.8253404923094905, -0.6205125203518858]
AE: None
bE: None
