n: 5
m: 50
H: [[3.6194411789905883, 1.7007693142316151, 0.0, 0.0, 0.0], [1.7007693142316151, 0.8550014713573161, 0.0, 0.0, 0.0], [0.0, 0.0, 0.08482005021699054, 0.0, 0.0], [0.0, 0.0, 0.0, 0.4474068801410047, -0.3987167609390138], [0.0, 0.0, 0.0, -0.3987167609390138, 1.7675702544352931]]
g: [-1.0436107389684603, 0.3449258865639708, 1.8522742408889945, -1.2310697196828508, 0.3729548994438259]
AI: [[0.0, 0.33160175972538, 0.0, 0.0, 0.0], [0.0, 0.0, -0.4523751517044896, 1.2488325281199768, 0.3280637532708627], [0.0, 0.0, 0.0, 0.0, 0.0], [0.0, -0.9426491187760261, -0.48097655522577937, 0.0, 0.0], [0.0, 0.0, 0.0, 0.0, 0.0], [0.0, 0.0, 0.0, 0.0, 0.0], [0.0, 0.0, 0.0, 0.0, 0.0], [0.0, 0.0, 0.0, 1.0703462175670895, 0.0], [0.0, 1.1500893734037474, 1.7371888857677276, 0.0, 0.0], [0.0, -0.8569271517381937, 0.9579766819015259, 0.20282411499833922, 0.0], [0.0, 0.0, 0.0, 0.0, 0.0], [0.0, 0.5890947643093385, 0.0, -0.22144854324082872, -0.9172592329122787], [0.0, 0.0, 0.0, 1.3935855525752805, 0.0], [0.0, 0.0, -0.05334419637735458, 0.0, 0.0], [0.0, 0.0, 0.0, 0.0, 0.0], [0.0, 0.0, 0.0, 1.373066394659314, -0.6777491499859581], [0.0, -0.37979188048493473, 0.0, 0.0, -0.27546350031914696], [0.0, 0.0, 0.0, 0.0, 0.0], [0.0, 0.0, 0.0, 0.5376806750611616, 0.0], [0.0, -1.7239218959917018, -0.193059136337166, 0.0, -0.4625551344835204], [0.0, -1.5278033208346897, 0.0, 1.9512462608112588, 0.0], [0.0, 0.0, -0.8841300394037377, 0.0, 0.0], [-0.22163676323443807, 0.0, 0.0, 0.0, 0.0], [0.0, 0.0, 0.07496051037851133, 0.0, -0.867454837048536], [0.0, 0.727425699842889, 0.0, 0.0, 0.0], [-0.0, -0.33160175972538, -0.0, -0.0, -0.0], [-0.0, -0.0, 0.4523751517044896, -1.2488325281199768, -0.3280637532708627], [-0.0, -0.0, -0.0, -0.0, -0.0], [-0.0, 0.9426491187760261, 0.48097655522577937, -0.0, -0.0], [-0.0, -0.0, -0.0, -0.0, -0.0], [-0.0, -0.0, -0.0, -0.0, -0.0], [-0.0, -0.0, -0.0, -0.0, -0.0], [-0.0, -0.0, -0.0, -1.0703462175670895, -0.0], [-0.0, -1.1500893734037474, -1.7371888857677276, -0.0, -0.0], [-0.0, 0.8569271517381937, -0.9579766819015259, -0.20282411499833922, -0.0], [-0.0, -0.0, -0.0, -0.0, -0.0], [-0.0, -0.5890947643093385, -0.0, 0.22144854324082872, 0.9172592329122787], [-0.0, -0.0, -0.0, -1.3935855525752805, -0.0], [-0.0, -0.0, 0.05334419637735458, -0.0, -0.0], [-0.0, -0.0, -0.0, -0.0, -0.0], [-0.0, -0.0, -0.0, -1.373066394659314, 0.6777491499859581], [-0.0, 0.37979188048493473, -0.0, -0.0, 0.27546350031914696], [-0.0, -0.0, -0.0, -0.0, -0.0], [-0.0, -0.0, -0.0, -0.5376806750611616, -0.0], [-0.0, 1.7239218959917018, 0.193059136337166, -0.0, 0.4625551344835204], [-0.0, 1.5278033208346897, -0.0, -1.9512462608112588, -0.0], [-0.0, -0.0, 0.8841300394037377, -0.0, -0.0], [0.22163676323443807, -0.0, -0.0, -0.0, -0.0], [-0.0, -0.0, -0.07496051037851133, -0.0, 0.867454837048536], [-0.0, -0.727425699842889, -0.0, -0.0, -0.0]]
bI: [-0.21548455013276102, -0.6767143241551511, -0.45330093452307485, -0.15685116119670994, -0.2603025637747479, -0.3990147130571129, -0.9548072923197288, -0.6225618602811109, -0.17618305962983316, -0.22343709580230997, -0.9165430722827235, -0.5388781893385348, -0.2120054118632323, -0.06512218088341692, -0.7829002585296706, -0.8986514711779322, -0.3340850186913461, -0.6875223933369558, -0.06293431801261917, -0.36822810219944446, -0.22668800591267468, -0.10058284541849549, -0.9531599180937912, -0.11664970302745081, -0.5583734113856434, -0.05120316331004682, -0.753162285474125, -0.9250607406138861, -0.6685851429353238, -0.4826399377389501, -0.021270026313347956, -0.09010356177119028, -0.03446026741790398, -0.6263184822475322, -0.6826792039952024, -0.5921791465626169, -0.5421945904180974, -0.7886267220756537, -0.5802115948482848, -0.012932095376001485, -0.8457186067224252, -0.131198603801165, -0.2741201030420274, -0.059972259299837294, -0.5076866103912756, -0.39526781865214466, -0.4215857862885206, -0.4116642281441868, -0.19694447622086475, -0.04549536234875695]
AE: None
bE: None
