n: 3
m: 25
H: [[0.01, 0.0, 0.0], [0.0, 3.2820064707222683, 0.0], [0.0, 0.0, 0.01]]
g: [-0.2913939760114335, -0.13309028458966213, -0.1730695963149052]
AI: [[0.0, 0.42837336964863926, 1.1253141037750505], [-0.35899555156937407, 0.0, 0.0], [0.0, 0.0, 0.0], [0.0, 0.0, -0.08767306723970031], [0.0, 0.0, 1.4143771877719702], [0.0, 0.0, 0.0], [0.0, 0.0, 0.0], [1.366879366926775, 0.0, 0.0], [0.0, 0.0, 0.0], [-1.3394955497146936, 0.0, 0.0], [0.0, -0.12346314911436336, 0.0], [0.0, 0.0, 0.0], [-0.0, -0.42837336964863926, -1.1253141037750505], [0.35899555156937407, -0.0, -0.0], [-0.0, -0.0, -0.0], [-0.0, -0.0, 0.08767306723970031], [-0.0, -0.0, -1.4143771877719702], [-0.0, -0.0, -0.0], [-0.0, -0.0, -0.0], [-1.366879366926775, -0.0, -0.0], [-0.0, -0.0, -0.0], [1.3394955497146936, -0.0, -0.0], [-0.0, 0.12346314911436336, -0.0], [-0.0, -0.0, -0.0]]
bI: [-0.6078306687154678, -0.3250472290083525, -0.038425426472734725, -0.634274057957335, -0.9589492686245203, -0.6527903170054908, -0.6350588736035638, -0.9952995676778876, -0.5818503294385343, -0.4143685882263688, -0.4746975022884129, -0.6235101011318682, -0.7776786117484124, -0.6135110188741381, -0.09740152447059536, -0.5500500100887724, -0.3869365421158676, -0.09765141682601575, -0.9007196496410261, -0.0301909322532512, -0.34685996420206233, -0.8290904148639548, -0.641847833030475, -0.24931385878154377]
AE: [[-0.12405066439134643, 1.262715483788719, -1.1705154492631553]]
bE: [-1.0657891986358792]
ref: [0.6189555, 0.6512541, -0.2735737]
ref_val: [0.4786033]