n: 100
m: 50
H: [[17.15987165503377, -1.240081162370994, -3.3345216917134204, 0.9652952640009357, 0.3352557438077263, 1.9144613736037712, 0.471448917949119, -1.264305301425379, -4.057206612971625, 0.07964135694087576, -2.406737122701984, -1.9717742187088714, -1.1421119818938192, -1.325022653339212, -0.9958678123194075, -0.022656618081707696, 1.420883732209235, 0.3055796379624145, -0.9459478093111958, -0.8927440684885845, -0.5697935208309982, -3.174717207013388, -2.199731351922992, 0.9359214216344826, 0.3575636573167392, 0.07117380302498742, 0.29577094461027215, 2.7286786931360942, -2.2339112204127938, -1.7369679173465022, 0.7708125377722221, 0.8157661960990249, 1.6465714691230005, -1.0164039101615285, -4.766280834790004, -1.7729196295548681, 2.727171327667792, -3.9614681319348692, 2.314428008195201, 1.5876377009380007, 0.12043983086973352, 0.13430565493835372, 0.3703767735221076, -0.11242444854973958, 1.010015124495159, -0.2832687399748058, -0.23690008934966358, 4.810203690192244, 1.2816850751980076, 0.9567171837878352, -2.499685759621025, 3.571596193442599, 1.5823315327227905, -1.057449522346712, -0.31372155672764745, 1.669446709442686, -2.032593122015418, 0.024732071099819015, -1.1093418379470448, 0.582945428485302, -1.9418881910701637, 1.9726979124207749, 1.3734551063509597, 0.8060365584165943, 4.12431561237136, 1.6237178035895143, 1.9168835684733123, 1.7302748968037547, -1.2506493438187665, -5.822133366482255, -0.24703495633383282, -3.397917753394379, -1.1508445747947618, -2.0868682304107624, -2.8248849653139554, -0.5682665048808457, 1.6307218658152014, 1.540472967628345, 0.031686380830342704, -0.3672992374584715, -4.271261972736189, 2.295269539690188, 2.844020303069182, 0.21639657326082287, -3.4722872033013523, 0.4987892822481332, 3.3448343566665693, 4.675522516134277, -2.708270823495534, 6.341890555246931, 1.5510473216218574, -0.5801451287481398, -0.21233622402025626, 0.30169854058000767, -0.8264885571647475, 1.0220931876141304, -0.8160649036570291, 0.8002627727862516, -0.006174616536860899, 4.784317044352907], [-1.240081162370994, 31.844577171659548, -4.81011466363553, -5.550985937009067, -0.5931413304411081, -6.8810514006277685, -1.5944030198552, -0.9075251500132591, -0.03609488097394171, -0.3986174347030177, 0.48642762716056737, 4.734915443028928, 3.0692368867000592, -2.81948036235256, -1.347880077058812, -2.408781900455479, -0.19915926510491658, -0.3346546027766198, 2.0492124309304587, 0.6797529340811782, 0.6347356334345957, -2.2611127069364394, 0.6871875774114952, -0.5287559915104503, -1.8270930712604498, 0.8416573696663913, -7.2892893053372365, 2.3329161091396764, 0.16033288648682167, -0.6890662095721595, 1.2349763448795381, 0.8588049009564107, 5.725247409196267, -1.4851256646720268, 0.47960502303964453, 3.5621785905277616, -2.6479280635315625, 2.576629347795097, -2.0611472530560118, 1.0181411279207548, -6.709068721403616, 0.24770703662711122, 1.2916655057424864, -0.02510863530834308, 0.5535333889715376, -2.1249722915103786, 0.6427782942603383, -0.2595976568783821, -2.0779792981923695, -5.984331138422443, 1.353865511616974, -1.85885389212472, -1.5865307317794939, -2.0954597836874695, 1.8532052430475727, -2.372187263791276, 4.270155844809669, 4.550841140647555, 1.2178456328360958, -0.06236994845951749, -1.1476848130889479, 1.440268159029166, 2.562070198479627, -4.059839029358829, -2.364508849624171, 1.1035237997112617, 0.18026554482659976, 4.613493326784732, -1.5656687520004446, -1.8806619863156815, -0.10390576806973939, 3.8935719483135496, 0.005938961692443273, 0.9618229213927472, -3.202559447679999, 1.5748841107272655, -0.2079971316999905, 1.953660300263195, 1.23063747611152, -2.1160409539481257, 0.943777164374435, -3.5907918035747772, -0.5131728255707597, -0.8181984773104044, -2.361047375443929, 1.5420448898007255, 3.529033795347286, -0.9263101681284382, 0.9563362784178148, -4.632594371189788, 0.8980724265650847, 3.499028551896243, -0.28053429174466765, -1.2449275472247305, -1.3901158254595254, -0.11556995915243942, -4.257899507770481, 0.4146319927609604, -1.5220960578015843, -2.9416522681689345], [-3.3345216917134204, -4.81011466363553, 19.963332609385304, -2.183451545635486, -1.0858436003306018, -0.1517389603193167, 0.3147857236880437, 2.603153423612493, 1.1561506134663093, -0.47856484016902295, -0.570213991043766, -0.5752422618149993, 2.2762749119629686, -2.5960759789479297, -0.994096539617384, -0.09354010823106766, 0.3687601924198995, -0.05128107554668024, -2.207668465606954, -1.5657792981877516, 1.7528680982069123, 0.3651564922286792, 2.7184074959811872, 0.7901432357168607, 2.1493143870561964, 3.590553441117512, 0.3288314326285526, 0.4397268119817215, -3.9891562248452863, 1.8411221704570635, 2.1969411905272436, -1.3487623238793969, -1.0979682131324606, -0.28048264710624143, 1.083588367127953, 0.18549634050256075, -1.7111328719374947, -0.32360839509735917, -1.9050443873565477, -5.58447204568177, 0.01587733626943437, 6.368045678341691, -1.900019443760859, 1.967558352401001, -1.1701972011084112, 0.9311968073010201, -4.221479640635257, 1.1470628898196236, 3.9520972813742796, 0.6234564206706125, -0.9072469189950603, 1.0227828082875534, -4.271242436271075, 2.0948421374751995, 3.9530088416688898, -0.4984410274451404, -1.2854795155772227, 0.2882130945281903, 4.217590496919073, 0.09383453488000068, -1.6269252634584175, -2.2261271147704904, -1.049203433188254, 0.3974738437077042, 0.9509164157257746, -0.06968482688734513, -3.018992028838483, 0.1401967385854209, -1.539831377529402, 7.81154025779575, 2.0210452591068755, 2.265467661979731, 0.23491524204186032, -2.2278840697995066, -0.5159760758401062, 2.8095048126962356, 1.2348107427198818, 0.28535002526667397, 1.3389835063568656, 1.4256336744970792, -0.0630763891215714, -0.36052258958879146, -1.0378020148568161, 0.021455125505364183, 1.1792678453143595, 0.18841396906710725, -2.642050175180796, -3.6563603099160114, 1.6859238610950338, 4.136525655786571, 1.4390566686787665, 3.163268195955383, -1.4582995467763704, -2.4758900427159976, 0.7445977041350594, 0.650350468143254, -0.7136148764202159, 0.018593133843072318, -5.329443992844357, -0.5014898871547626], [0.9652952640009357, -5.550985937009067, -2.183451545635486, 25.7048726405372, 0.7690363479794595, -2.8129089547500756, 4.35486097251171, 2.300214701868202, 2.1600609016366477, 0.09922884623134651, -1.0778274746834147, -0.7927776713027528, 1.5669112892298644, -0.8814228740628478, -1.5090548105958832, -2.572859470396843, -1.8004372289134791, 0.6679622220527113, 3.3180985262223217, -0.08353360873907227, -4.011944707118181, -2.297311144224628, -1.812625056264083, -0.6746973982359051, 2.6026014661990047, 1.023917247847679, 0.5979246506738887, -0.12302844016626262, 1.7047991986406017, 0.7746067846008142, -0.11899240118069768, 3.529486933144182, -1.2779762224454807, 0.19716953843676707, 3.9624455765034936, -1.2637130675931676, 2.589113679075391, -0.12821959890717177, 0.29496900866729925, -0.9112678319006388, -0.9822112518288649, -0.4464068824881858, 3.9201792083757563, 3.6153200673286108, 1.439996780326998, -0.5080467214867862, 0.4918951365039731, -5.460628445965969, 2.8264670529206053, 8.596639220595353, 3.1924706868846267, 0.4674925161179681, -2.5429578417758907, 2.8085607693918258, -2.809348565176211, -1.7578171531379205, 0.8795771676007612, -0.5977350681104191, -1.180867693476176, -1.352863388334735, -1.0056743365057075, -7.759099236037595, 0.6575794983271651, 1.1623054973240723, -2.259751713376812, -0.03551485592401715, 2.587852894884636, -0.5433988056753286, 4.732181562722372, -0.291726001819626, -1.9093036114286375, -1.774738892549792, 1.4485849778755169, 1.4574211472417762, 5.165761570854845, 0.05784866443822704, -1.4192422310242256, -4.595845416594971, -1.1792806367645607, -0.20319459421074157, 0.7649427781003392, -2.5249141143354907, 2.4841940444311126, 0.6926065657424783, 0.9793872248321467, -0.6147599124504223, 0.3072667538632959, -1.5096107408261832, -0.6726929933693517, 0.5038648878580814, -4.869087935757684, -1.115885237173036, -2.5011863378543127, 0.6394605803261563, -0.051871891785266244, -1.0364294399582492, 0.407227027871411, -4.735901512179817, -2.800709190433952, -1.1370343009147317], [0.3352557438077263, -0.5931413304411081, -1.0858436003306018, 0.7690363479794595, 22.427451627644178, 2.3825864365155245, 1.6290200377418689, 0.9125853957374938, 0.6552426275383163, 3.4490867795021063, -0.20026118998538803, 1.1299097164058742, -0.6138960404500174, 6.291501371794544, 0.06460199794371073, 1.0280792043252565, -2.178723219865157, -0.1401842024281249, 0.5537905255650595, 0.7915368467933201, -2.93262813748593, -1.0833798372302437, -0.3467518016539945, -1.4401317708767054, 1.3029582905975514, 0.5441465680436377, -0.4684215716482741, 0.11394588495907292, -4.590061156826047, 0.3100381119032082, -1.437338371098146, 1.7169740470664203, 0.38992709976775286, 0.21209354228679067, -3.798389594794666, 1.384431516267551, 0.05113591573104584, 0.8222426079623634, 4.344349801811046, 1.2842141689591535, 0.3209835299146269, 1.13192819994991, -0.694885840659795, 1.2967139236671918, -4.121171502008787, -0.6381806340393075, 0.9397363695843516, 0.9292513708230559, 1.2783936925118726, 0.3362708485349793, -2.8440465975081937, -1.6549488233063916, 1.9814273279825203, 0.8735227312374962, 3.7215362650501986, 0.1376088258581901, -5.887593800812043, 3.43806517748276, -0.5369222270584579, -1.3262351897008933, -1.4766133809438198, -1.6882650095499108, -1.5939848683272881, -0.2050388310599273, -0.4229317960836778, 1.7076940105614582, 2.27077733290687, 0.6946433892661389, -0.4738125288121627, -1.1286130883687768, 5.077965562574432, 0.3486057446119039, -0.8508441629110048, -2.614782605430816, 2.98493956309739, -3.217529494241697, -1.4544741761911237, 0.2656087338846671, 5.071926050726209, 8.446244845732302, 5.230622247002758, -1.3710508101542662, 0.6437707166608613, 1.876719237400679, 1.7831607298004595, 0.4128348564077289, 0.33050207964713924, 0.7801246090453497, 6.2521011232011965, -2.990319550955526, 1.0232993129797114, -1.5993647120640213, -1.0206579100957571, 1.2793478119283457, 1.0798756987361713, -0.950950932525419, 0.9962250034526224, -5.17717341004009, 0.08021167015863943, -0.15074635136572517], [1.9144613736037712, -6.8810514006277685, -0.1517389603193167, -2.8129089547500756, 2.3825864365155245, 36.41381921520684, 5.509542352720768, 2.6921939266887196, 0.8960393146057364, 7.705191261522792, 2.110258783138468, -0.17140840241017857, -0.7968752237426887, 3.1100556574949128, 2.0350164154305506, 2.0415669309139677, 0.31419608982172753, 1.2806396519172731, -0.033294565869734775, 0.7233203304929211, -1.0056438621691224, 2.7389526445696264, -1.4042057077933263, 1.6305376700307994, -0.9305901044463907, -6.307299769288722, 5.299570605333276, 5.52089089725203, -1.2668142180285726, -3.1952218290219987, -1.4239267345197084, -2.9878521121216766, 1.2560448655287229, -2.0165244207802955, -3.7560685800301044, -1.448920767531255, 4.782421372235718, -1.795296488049049, 3.870266051907316, 1.3807129640491196, 2.950993992157834, -3.7157845866736547, -4.3942823452798905, -0.48090890283725374, -3.0829955527777497, 1.6939796126940432, 3.4531620440552655, -1.329222874018206, 0.1976473754404099, 2.0266111239036477, -3.6473643880509106, -0.7209954273588681, 1.9569221069830305, -3.179155109582979, -4.5441654010768655, -0.5977829794544242, -0.5819093227173536, 3.246111487081327, -3.2231380400443754, -6.036494890533605, -1.4636687086980784, -3.500899883174398, -0.14079737089620556, 1.898623954397807, 4.314548430040346, 2.4121267062287735, 1.1340917414009428, -0.9068042476749654, -0.12282632687839398, 2.199905142886439, 0.858108915222529, 0.8461109028167827, -1.6591104648456152, 3.190992450875183, 5.483527895720233, 0.90734852215177, 4.820893162043751, -3.720307019875864, 9.014135912380894, -0.3419328514695706, -0.7899127509985713, -0.8825361774206689, 0.9189907722904739, -1.0284026445910341, 2.761316398455279, -0.0007413324205350396, 5.208661188129637, 0.8511785891555969, -3.0900125990958642, 0.8844807237893794, 2.3000155243850506, -1.916688821795581, 7.321503644970012, 3.264040625075765, 6.860965807351502, -3.065166251326323, 8.88003089116206, 1.4807653462105204, 0.1973018802622667, 2.4285636441137157], [0.471448917949119, -1.5944030198552, 0.3147857236880437, 4.35486097251171, 1.6290200377418689, 5.509542352720768, 32.96511147954571, 7.687219469952296, 0.26304602683209793, 4.019288028619537, 1.3218843207611781, -0.33872505846418743, 2.5374572473182586, -0.4380108214050734, 2.0023468078030637, 1.9177803044863517, 0.12408363365090092, -0.039275081233401475, 0.054031448575195366, 0.2213880071926883, -0.015488757049074502, -3.474579411933596, 0.4002507623227564, -1.5235058121402885, 1.0893230200755033, -6.500373839788464, -1.5068951969440345, -5.5857613809152795, 0.6461697965318886, 1.7470662199734428, 2.2805691684059113, 3.7102456417359164, -0.010325816769901483, 3.9014513283952263, 0.7972928992006298, -1.8662642546463246, -5.070234849289611, -3.1410310886149513, 1.6063159325541776, -1.0373422579705154, 3.0622894865137713, -1.3756479579260417, -2.9114675003041577, 0.8829922779078966, 3.502347884530296, 2.0489293453612376, -2.903184395355382, -0.8412852505765229, 0.40635099110152545, -1.7119941787527067, 0.8332426158235431, 2.03219034955932, 6.957637034061019, 3.3360000706366364, 1.819798819256367, -1.5890168279963743, -0.6643140558719619, -6.3849743437087545, 6.026971687535013, 0.7848287061032637, 3.8234477700520486, -3.6867890864893984, 0.5762781859985947, 1.245255310157877, -3.6850991277555694, -0.1157823800950424, 1.0616895696313466, -3.644876022139092, 1.3328733320676636, -1.880655250578131, -2.8182314646180697, -1.819461979666577, 3.0712971130165703, 5.819316060883624, -2.658099153492495, 3.134586050414314, -3.0561844569670424, -6.022737033927974, 1.298876102322849, 0.20600605231391989, -3.558679596147403, -2.0393253972355607, 4.171954521846395, -2.660217830738811, -1.9806916890976867, 4.298341460325678, -1.2712480887614805, -3.982109897743032, 0.16378304188289683, -0.3170854730156394, 0.7694152712982085, 2.6299656157102467, -0.31202485102822974, -2.028149193230025, -1.9283912641243885, -0.9820282907410919, -1.476888280979748, -3.0081443207678396, -3.690245072171452, 0.4548845634110219], [-1.264305301425379, -0.9075251500132591, 2.603153423612493, 2.300214701868202, 0.9125853957374938, 2.6921939266887196, 7.687219469952296, 26.798737803966812, 2.46305531921349, 1.6934168595730537, 0.7587016756701803, 1.1110536334365317, 0.06949042695743199, 3.2033034901571584, 3.191164236492646, 0.4857690466471356, -0.3838262491008285, 7.034569651235451, 1.5808727659521977, -2.345943922176943, -4.408090114667685, -1.4088753780045207, -0.0055809478796712605, 2.1776589622186693, -1.2245251648907167, 0.3025764980341956, -1.1568718783609315, 4.476434481364738, -3.2346655732426726, 0.632613622771836, 2.475848660552579, 4.047253802820831, 0.5205761804125396, -1.5023389395863775, 5.0196915152113375, -0.9292759124387087, -0.6404777732020014, 1.3186328023714111, -0.09588879848676599, -1.2750959147139953, -2.9505495545056375, -1.6257042559245365, 1.0608788326210217, -0.4989966634991699, -2.4896626216750404, -2.9396916793753114, -3.8244186867092442, 2.2121878464034896, 0.38191603873711616, 3.2051005318786343, -2.1436602887552345, -0.8695903319684816, 2.209009577090166, 0.8692110733535576, 4.499663129901711, -0.20693307063925412, -3.815985498091196, -0.030481452064840778, 8.445238449588391, -0.0016175511361935294, -2.3052669898127562, -1.4000408555739072, 1.4333336020370129, 0.2813284365222, 1.077839396671015, -1.1428866735256176, 0.2074114662734633, 0.8847430457613072, -0.6825319254787282, -5.66824838435518, -4.274830006235045, -1.1787821534240295, -0.23717799072420837, 1.2844587692783043, -0.4437898196224527, 1.7738762901964975, 2.3495194607248484, -1.1426516362486332, -1.230187492970709, 3.497772106527409, 5.213904891497816, -3.990515773945667, -5.041805822461412, 3.095917204451468, -0.21033654373506896, -0.06971960808028546, 2.1966348784665093, 1.5904523623880382, 3.0318883490473767, -2.542728186910467, 3.499599081430927, 0.7107326262971461, -3.5611590315023753, -0.1820956929469122, -0.10079934256155394, 0.022472441173485534, -1.1135841556907986, 1.5989134026925924, -6.793363014847651, -3.073541078950092], [-4.057206612971625, -0.03609488097394171, 1.1561506134663093, 2.1600609016366477, 0.6552426275383163, 0.8960393146057364, 0.26304602683209793, 2.46305531921349, 16.052752048232485, 0.6694073377529944, -0.6399358851950493, 1.161431998951926, -3.2397936515526258, 0.24957996596033338, -0.21679867707825862, 0.9918360130393185, 0.361504523695913, 0.05246445981595219, 0.3243565512433928, 0.11707073989942333, -1.158602848249313, 0.632828690851484, 1.0332439837488938, 0.7933408408982923, -0.5005611391935494, 0.3829184367280966, 3.7123805797435074, 5.490404209960195, 1.115071596732777, 2.9786174668885765, 4.571595714652864, 2.0112750652436255, -0.6173606544146603, 2.2645739103578744, -2.507371153808602, -1.3873484853602842, 0.795231771914396, 0.4627789368302468, -1.0497212470852835, 0.9818847977124372, 0.5452732080450644, 3.8711432595885125, 0.8570782401614837, -0.9660571974162753, 0.9948589591433866, -0.7276894381254182, 0.4607571552896387, 1.5396287386449343, 1.3802311772599027, 1.378466593756568, 1.2546281085860238, 1.079136886420716, -0.4443507764808775, 0.3435047540254758, -0.8225507087226812, -0.34336890464108166, -0.07474087912912238, 1.138519713149544, 0.9313836303258434, -2.000363043928734, -2.364351511342431, 2.2692306216260727, -0.3237058166661567, 0.8070600528497899, -1.2021396882192592, -0.9552630207579076, 1.566231355986907, -1.996460943319221, 0.6086961517029885, -3.2566632094500996, -1.4578037977100824, 0.23977567718364556, -0.06243997538345537, 0.4107788326756194, 0.30461291710634386, -0.08994812893081981, 2.618881757366761, 0.7764744288635372, 0.7140482795066153, 4.538062336532132, 1.1690615846122718, -1.2520730289592936, -1.2392124875084471, 0.06453324358574428, -2.4163462019077264, -0.6252257833980591, 2.5872118665612818, -1.2002457277998524, -0.9858765181947687, -0.9950224251769996, 3.03299811434398, 0.5866804021219227, 5.9961777421440585, -0.15071443447618446, -2.082306889015588, 0.4386764853567653, -1.9679647114393581, -0.8201806891549261, -1.9912296332428236, -0.5607013531854926], [0.07964135694087576, -0.3986174347030177, -0.47856484016902295, 0.09922884623134651, 3.4490867795021063, 7.705191261522792, 4.019288028619537, 1.6934168595730537, 0.6694073377529944, 23.603546233018264, -1.0419849291447596, -1.169798441097146, 0.7020239603628697, 3.189314283864112, -0.5638198792202359, 1.111405122647174, 0.7541864199057434, 1.4732257326486455, -1.9716426949865007, 0.12527536593465707, -2.5660231719395665, 0.223965045414089, -0.5643895188328445, -2.012880265884921, 3.1585356904848143, -1.7437187362755582, 0.4037774858848682, 1.106134982066785, -3.640629953537734, 3.0445608397904236, 0.0022521821822026433, -2.117392385957017, -1.9946707099315497, 0.30000630489861585, 3.080230631956281, -4.229257534766875, 1.1181126486293798, -1.3468315784335587, 1.0774259661958252, -2.1315109738413254, 1.9162444248878687, -4.3947907405115405, -1.4390233864552247, 1.3902169502780135, -0.19722733564631056, -0.5123375363533488, -1.6431158409317403, -3.6224142976532896, 1.4244376963158687, 0.47671914088128864, -4.316365256633978, -0.3245620383031526, -1.1342588646323137, 2.3220029276284606, 1.8402492352587985, 0.15347777052389952, 0.5022445393567917, 0.3561241710569127, -2.6535498510009967, -0.6025903775605548, -4.885617564572866, -0.7694232088338763, -0.6652176480694932, 0.017661334141642344, -1.272166908276796, 0.9741997832338938, 0.7505633177995187, 0.03586763504555005, 3.2987143517087834, -0.7207257916314539, 2.1473064615174273, -1.5680005089906683, -0.23198699840705309, -1.104061637936691, -0.13630245444355085, 3.2316388942827103, 2.565587553077748, 1.035083695592728, 4.618346096254674, 4.148323500578249, 4.680243992996088, 0.35388987470735045, 0.7184737667459675, -0.7526990097943084, 0.4230173365388261, 2.3103431986504694, 2.5080492484760644, -3.3625601339093425, 4.967729438645819, -0.7641613639372085, -2.418160640360146, -0.2765872355105016, 6.407776357001657, -0.5195449414653645, 1.8625469537515678, 0.6950416341114384, 0.44371265735580273, -0.616616253821146, -0.8315280300408993, -0.4219565986638897], [-2.406737122701984, 0.48642762716056737, -0.570213991043766, -1.0778274746834147, -0.20026118998538803, 2.110258783138468, 1.3218843207611781, 0.7587016756701803, -0.6399358851950493, -1.0419849291447596, 15.073480756434428, 3.26565202735046, -2.79500681481775, 4.2895999744344335, 1.4583453251034477, 2.466610962058436, 1.060912682217173, 0.5177967290863238, -0.40433504482992066, 0.9050248951172059, 1.397331156508907, -1.8396316650400135, -0.7553925275875044, 1.2713274099778622, -1.3830613829975358, 1.0732558317068865, 1.3807713974809441, -3.6842761081360815, -2.091843971524459, -1.1782445290116383, 0.2257329520956856, 2.3071835586678713, 0.6023287289033797, 1.554613492816152, 1.7487163341320964, 0.8862245228659057, -1.3983539482154936, 4.153647111785651, -2.9572536993836946, 0.16855882000847125, -2.4398935555936863, 1.0187356659760025, 1.3183660850009862, -1.975654305617963, -2.5059806833106513, -0.10968324309188657, 0.04989729316081749, 1.9411944315929515, -1.6249476982452424, 2.9123606554316686, 1.6161527351552842, -0.9693752633709901, 0.050689303880690706, -1.1953775767482426, -1.1086651155315916, -2.0306840015284844, -0.15979549527697937, 0.6405883456667619, -5.277961668513068, -0.4381249515438317, -3.8403133778029166, 2.9114005851010036, 1.0828023411566507, -0.4377615198800107, -0.5901500088009363, -0.6695161361546141, -0.5244446142275078, 4.536117728349964, 2.2135814664791815, 3.403495378860156, 0.3132810873195091, -0.20139633012940553, 2.028815236657577, 0.2523649320081549, 0.02043470214341767, 0.14617918955226428, -4.281315317840713, -1.0514364648545098, 1.5839815225318414, 7.548819132544856, 2.719442687118133, -0.976679689651679, -2.284077629716631, 5.407694170306907, 1.4922258903300332, -0.21418658945843286, 0.15947508479688086, -0.4352961941369834, 1.016969985437383, -0.8839398240604837, -1.0939078420064177, -0.17475484347002299, -1.5287755074463425, -2.5536611728219105, -1.7168262304237143, -1.0460930022300179, 0.902783538539554, -0.4797362750865315, 3.29355992347715, -1.3492402045027627], [-1.9717742187088714, 4.734915443028928, -0.5752422618149993, -0.7927776713027528, 1.1299097164058742, -0.17140840241017857, -0.33872505846418743, 1.1110536334365317, 1.161431998951926, -1.169798441097146, 3.26565202735046, 20.77956263115179, -3.3337080724710244, -1.2654253577083712, -1.8882399117528224, 1.016993372019584, 2.4276196951604487, 0.42177645327358315, 0.2564155769615923, 0.8557433084289003, 0.5757650231781445, -0.8600716192011488, 0.9253343296088881, 0.27142287968521306, -1.98711311451152, -0.15337689805242027, -6.486267352354037, 0.592529152453176, -0.05995220647364864, 5.776838675589879, -0.06746288699365337, 4.180980806872038, 7.968615595261824, 0.5359482823289361, 0.20791847436786468, 0.26200552666720667, -0.8334343735326764, 1.5613873265075555, 1.6497316092074368, -2.2573295988150037, -4.011863201958843, -0.21401034098134789, -1.4177530701422025, -1.4085134881580967, 0.9425452146752334, -1.8868174523891974, 0.11414890834032579, 1.7732702258970412, 0.343887813815441, 2.3363748850046897, 1.7592016279647162, -1.5491758880085387, 0.6578866870161082, -0.5819555411565401, -0.08780053357487844, 0.9975464240072325, -1.7282298051169591, 0.13834718633512866, -1.5061336924999251, -2.2160555814618115, -3.0670327505286354, 1.366743388252571, 1.6647599368583341, -1.3539601037249893, -5.277344500338611, -0.39705883101698075, -0.08255552475587676, 0.9972726380990942, 0.6205810412545605, -1.2473295784790883, 0.43919038122105425, 1.7579344944570097, 2.629652151874036, -0.6348142423733245, 2.294109713395761, -0.09040277012887606, 0.17371560655163223, 1.9641727786816368, 0.3881139914406609, 0.20736489158211485, -1.0118073965660412, 4.474187694767369, -3.0229506058825018, 2.879065398573977, 1.9641262493447136, 0.5412996986076943, 2.0176507215481894, -2.304086436079002, -3.2660583835831085, 0.6129663100897562, 3.3725635488263066, 0.16358799052971168, -3.4963148715521384, -0.8818252023449965, -1.68495550981575, -0.46757668889267034, -3.9685584700021046, -0.27095912605479217, -0.7834027514395845, -0.24418283635682236], [-1.1421119818938192, 3.0692368867000592, 2.2762749119629686, 1.5669112892298644, -0.6138960404500174, -0.7968752237426887, 2.5374572473182586, 0.06949042695743199, -3.2397936515526258, 0.7020239603628697, -2.79500681481775, -3.3337080724710244, 28.724150562350594, 0.37937734226416775, 0.45492105710899194, -4.968815785712543, -4.205799295707059, 0.4240342170659511, 1.6184100065505802, -1.1453190222174994, -0.30982658826586895, -1.08594176409763, 4.343274471068334, 0.22958882192723953, -0.8577127617717043, -3.4320235184059666, -2.536533393601685, 1.2990688668956756, -1.3925483295284347, -6.488533211425357, -0.6504661971418859, 0.23588077657071865, -6.200784160573279, -1.0427630831828192, 0.8871307607060327, -1.6303067139067822, -1.5703586150056381, -0.6813862723646524, 1.8723587072494319, -2.701746649983442, -2.7726474618060295, -1.3584898424087384, -4.716450635955603, 2.171037097577851, -0.8534916560797483, 3.195089450734761, 1.3923954352693955, -1.0361949471283578, 0.04571207051870625, 5.386854655795805, 3.041171821103357, -4.317899478024721, -6.015783162659977, 2.518553979575637, 1.00497205475047, -3.51383885485645, 2.4081832603746585, 2.4835535497270933, 0.5544573731784749, -1.4124025509012819, 3.7537891224037234, -3.6232501175155245, -1.509876921432478, 2.405520725929814, -4.4531146333930085, 1.167106937369726, -1.802399825546823, 3.6055300591944985, 4.031099431987422, 5.519159963141474, -0.2484649569467371, 3.1852453955154245, -1.4646240866774602, -0.35159137953699887, 2.21667403837261, 1.8373140169550157, -0.41660361652695854, -1.0800782144313499, -1.3764406983112851, -2.111482620399371, -0.24207134137664735, -2.6191778869004327, 5.739278826387024, -0.16819602494030103, -4.5264769301691326, 1.5048361232862664, -5.005469127000166, -0.8368094941061941, 1.5768934716586531, -2.896647654146698, 2.6168643323877068, 3.2813719816486104, -1.0719640967987354, 1.5720603496299812, -1.819953659179464, 2.1765332531837087, -1.532391580888136, 0.616644024862736, -5.699963731620167, -4.097846326392072], [-1.325022653339212, -2.81948036235256, -2.5960759789479297, -0.8814228740628478, 6.291501371794544, 3.1100556574949128, -0.4380108214050734, 3.2033034901571584, 0.24957996596033338, 3.189314283864112, 4.2895999744344335, -1.2654253577083712, 0.37937734226416775, 45.82700734134464, 9.143976900982656, 1.046745615415137, -0.6347464724488295, 0.6381066326803568, 1.124346137660007, 0.7056712168474201, -4.398731716490215, -2.7428975336212456, -0.2716858272959126, 1.7337510166261532, 6.676314465268446, -2.6341559016601512, 0.839102167397701, 4.68656197142658, -4.658686154585346, 1.0238111926441034, -3.203812597348782, -0.8865396910244234, 1.0760367849495922, 0.6326394312611536, -1.2352003593950953, 3.0107510513515194, -0.23001292918595914, 4.396468995499948, -1.981169635586611, 1.0158851401303934, 0.7714990714962061, -1.1121856134246917, -2.934827412972116, -1.9986823880034634, 3.040206166876458, 1.3438702093642407, -0.20859196460926446, -1.027987265194687, -2.9875984722997013, -3.4233365069102475, -3.0598941189121747, 1.209831697020045, -0.40758685811687917, -0.08486601484102342, -5.843804128619032, -2.4996163211840865, -2.996906557458852, 6.077648045261141, -5.694791857005909, 1.3413696165444802, -0.7534494636675023, 4.599742934976374, 2.4132812449827075, 0.9202546932800907, 0.8803847816508239, -2.4085954711377866, 2.3996347615250095, 5.422964403057495, -3.890240136064796, -3.4129393734301448, -2.5317038301055272, -0.373162365103768, -10.956685984982615, -3.658645600980648, 3.359798740271849, -4.551382969539603, -0.9630615257258655, -2.3775172812572594, 3.9511615520210865, 6.561584389028687, 7.1159045538555885, -5.015894707811251, -4.743630177368394, 5.447862400548097, -3.858225113003612, -2.6870383831808096, -1.5775685432284314, -1.5475048180171438, 3.2566604726523356, 1.3562490965711764, 6.386591372382337, 3.3094021846580657, -6.3799613814850185, 1.0465960628357824, -4.826328372001871, 1.9492782367738857, -0.034334452698803926, -0.6506613242253445, 5.916290217954588, 3.4895768200413473], [-0.9958678123194075, -1.347880077058812, -0.994096539617384, -1.5090548105958832, 0.06460199794371073, 2.0350164154305506, 2.0023468078030637, 3.191164236492646, -0.21679867707825862, -0.5638198792202359, 1.4583453251034477, -1.8882399117528224, 0.45492105710899194, 9.143976900982656, 19.576169118446344, 0.40454037612637656, 1.5314636334728713, -0.16074961885250372, 1.0304895861762233, 1.187265097014928, -4.419470534931737, -0.482418629295521, -2.4813658177426583, -0.8207202277089874, 2.51420302507659, -6.271784058982819, -1.780318502797939, 1.9106619104347402, -2.8587854541053335, 0.9621950003776107, 0.5025751737360709, -2.029476207916845, -1.9476816486671205, 0.6611777168996507, 2.175001119282957, 3.431284687048594, -1.7598340011238094, 7.00671619999695, -2.0418240071404528, -2.5641694123630963, 0.8005269160798277, -2.337186402596095, -4.772889453056851, -0.5048388909871758, 1.684774539645977, 2.0914572171825108, -0.7700334820291976, -0.9903486718349623, -3.515697414256223, 2.2476295383646145, 1.075474115319035, -0.7310152240188273, 1.8871586905501454, -2.3314991041405233, -0.014238926278426522, -0.23021220234254763, 0.24336841915753377, 0.31087614325357377, -1.5992899265158087, 2.700314216518408, -0.01759660555045184, 2.673766612297704, 0.8575894367602173, -0.018921154647632325, -1.4257036193878743, 0.2692395038125533, 3.0218910718839065, 5.077544907551077, -1.1368964829766963, -1.8806259437696096, 0.4787287089419627, -0.9413590791049973, -0.09259027273151642, 2.8969817877782833, 0.21257995373679112, -3.3079314931565666, -0.8529881877524982, -1.2592815878951507, -1.269875310595441, -2.7246445237849466, 2.043177325978268, -3.617003124846377, 2.0016022703159817, 2.0482568655841313, -0.798339371214617, 0.4353525495140487, -1.6307864473115519, 4.547862117519666, 2.509960291354492, 0.00539267628544526, 3.3272537701859877, 0.8703209805683007, -0.006723575617881721, 0.003019257601717647, -0.8946209614580821, -1.3156145844935259, 0.7260098544604109, 0.8196757258958376, -0.010320016337329206, 0.6534773556245596], [-0.022656618081707696, -2.408781900455479, -0.09354010823106766, -2.572859470396843, 1.0280792043252565, 2.0415669309139677, 1.9177803044863517, 0.4857690466471356, 0.9918360130393185, 1.111405122647174, 2.466610962058436, 1.016993372019584, -4.968815785712543, 1.046745615415137, 0.40454037612637656, 27.959698670729065, -0.20768533683879709, 0.18994118298390428, 1.8943451982365072, -0.43126141990038236, 0.6608606339354193, -1.6533354566053784, 2.9263133691443097, 0.2533575768150234, 2.1318979338322297, -0.5256353627457591, 3.1489963797590916, -5.8272554058614014, 3.8692748972034123, 1.6071416711140785, 0.5356256566089799, 1.0548474122342362, 3.2330391641119225, 2.590404950606335, 1.7977935653316504, -0.9428990339004745, -6.584259676077369, 0.75759888163982, 0.9314086807947046, 5.245741561241767, 0.020830201111568785, 4.144488151342215, 2.08431009729412, 0.6022233879864858, 0.3841123398016716, -0.5394327418602102, 0.11900332711549286, -3.60735545218168, -4.155012944555059, -6.235095881037192, -1.650127779110581, -1.569633653734689, 0.3803135459540741, -1.6765463251763773, -1.7544246633986924, 1.7786402612661978, 2.1668530253535723, 0.9744020574078633, 0.8707720359014762, 1.393636188705952, 6.863346311189553, 1.9813143386112113, -1.6956709085397792, -1.3102033447590886, 2.360664729095344, 0.5313866801171663, 1.619649435054375, -0.17118829915144237, -3.9215580026149444, -0.6313653215475922, -1.739809871726314, -0.7960688607200704, 0.5414380587321265, -0.5966625276202953, -1.8096817351084917, 2.4510414241013656, -3.46535118096748, 1.4580010673854293, -0.8636681666138446, 1.1256000593676618, 0.8499200054913032, -3.7662279882420595, -0.9987260601980232, 3.9922661844538103, -0.21991661493239995, -2.92883548758932, 3.687278236569744, -0.6082458647803992, 2.064128871556913, -0.754781322015547, 3.939825270104487, 0.501081078390884, 0.2819922845003254, 0.4662474657260779, -1.621959811029631, -2.418864413917781, -0.6049239741465213, 2.9592329504725114, 0.11879574875162437, -0.5760392562453172], [1.420883732209235, -0.19915926510491658, 0.3687601924198995, -1.8004372289134791, -2.178723219865157, 0.31419608982172753, 0.12408363365090092, -0.3838262491008285, 0.361504523695913, 0.7541864199057434, 1.060912682217173, 2.4276196951604487, -4.205799295707059, -0.6347464724488295, 1.5314636334728713, -0.20768533683879709, 14.43530035582037, -5.106537418955773, -1.3846014184226159, 1.4121486540679475, -0.36451648309002177, 0.7261692491395108, -1.5719163871045252, -2.598024574397427, 0.5700222288607553, -0.9384902333159345, 1.3015804122055126, 0.8631159278924718, -1.3565735022640149, 0.30194562454602714, 0.5829769366645933, -1.099170062879805, -0.6366969672357278, -1.8557596602515356, 0.906527732058569, 3.0625919399667345, 1.0589366533191946, 1.3606694385772522, -2.483650116175955, 3.5133637204407675, -1.096198632064046, -3.437651213838099, -1.3342637164715787, -0.15671892887095593, 2.8038454751903825, -0.9960133447489223, 0.7856467240148065, 2.314204552185275, -1.08853983362898, -0.3384441046774633, 0.6788573034896043, 0.6113615100477637, -1.5937256155096444, -4.873016092811424, 0.4355997180479784, -0.04650776755608374, 1.0146838426573563, -2.952124078808012, -3.268280237280858, 0.8889152387321474, -0.26271815806210397, 1.9066310776526225, 1.7672312699914001, -0.06659115708241521, 1.2505741470414913, -1.2056255928725066, 1.4235780733663796, 0.4535080194372505, 2.038535599633616, 0.03956345655063593, -0.05994329106401924, -2.319340285563273, -0.0007768067666313841, 0.13902763357193648, -2.669930307807662, -1.757725160184286, 0.016979614668902167, -1.2881678900843267, 2.65659438051511, -2.9320205932973766, 0.9569332841568778, 1.8424847388733143, 0.2871315590549101, 0.1552099928583492, -1.9555896366256764, 2.989091164566684, -0.6285732524810366, 0.6511689816232178, -1.4143515344984992, 1.4740719775578486, -2.3398539610091222, -0.4435438331659846, 2.663127475318618, -1.2747618735670867, 0.38707490403312056, -1.3133074300505623, 3.686032906683649, 1.8459782172919383, -1.559098992894804, 3.5620053423180362], [0.3055796379624145, -0.3346546027766198, -0.05128107554668024, 0.6679622220527113, -0.1401842024281249, 1.2806396519172731, -0.039275081233401475, 7.034569651235451, 0.05246445981595219, 1.4732257326486455, 0.5177967290863238, 0.42177645327358315, 0.4240342170659511, 0.6381066326803568, -0.16074961885250372, 0.18994118298390428, -5.106537418955773, 15.810771453823012, 1.1526913525601514, -1.9708590045746976, -0.4660644812892683, -2.223946653810611, 3.069662825105268, 2.208397691243603, -2.0773771376123342, 3.5995097015062143, -0.3897231326970568, 3.501149634657398, 0.05971890167717791, -1.6889813231033286, 0.9810548661960513, 0.9991838795555733, -0.1627741421645081, -1.0451689731562068, 2.0842015929162105, -2.37577775216147, 0.6338092606830886, 0.4130842176809373, 1.1544019289218, -4.370992097377514, 1.595378502697954, 2.9640265159928108, 2.250037655199833, -1.390280972081901, 0.9130074239128142, -1.1554455581562195, -5.096214924457583, -0.6303600057799227, -1.4927586291567319, 1.2148187879374566, -0.6154966847471552, -2.1778708734085743, -0.12593229694640803, 3.438754919525872, 1.974071448824676, 0.05742060755664028, 0.3177585233805555, -0.5946650370394393, 2.25419569205331, -0.10742179254418864, -0.9195404813661242, 3.4002577722148017, -3.0214400224738958, -0.1194384353514502, 1.114061967201297, 0.5556263825770674, 0.4934747167788067, 2.3935110219925657, 0.3435723176216049, -2.21182576031456, -0.9183400156989255, 0.8444602944688402, 0.3205208851317147, -2.006491842160622, 1.5332320152338643, 2.259337056207856, 2.8459718918768657, 0.14167891034718627, 1.4197033126262408, 2.1328472088794572, -0.33886217516727973, -0.7528613425089867, -2.4022723642432826, 0.02914539013385021, -0.538867276095867, 1.1839109863167219, 1.7699048062915534, -0.6545166019734587, -0.7395193067480103, -1.7353609411238793, 0.9242038185385018, -2.864502025296187, -7.272025596521658, 0.5119913563033014, 2.816745632369681, 1.496306234376471, -0.5621285392667817, -1.430287754900296, -3.100059859033227, 1.1503564451868866], [-0.9459478093111958, 2.0492124309304587, -2.207668465606954, 3.3180985262223217, 0.5537905255650595, -0.033294565869734775, 0.054031448575195366, 1.5808727659521977, 0.3243565512433928, -1.9716426949865007, -0.40433504482992066, 0.2564155769615923, 1.6184100065505802, 1.124346137660007, 1.0304895861762233, 1.8943451982365072, -1.3846014184226159, 1.1526913525601514, 9.630000797865803, -0.3601735216043454, -1.2866935722199013, 0.7472235610203066, 0.41310204283228474, 0.18719439611208474, -2.0376119138345947, -0.662971987599163, 0.4819027564339668, 0.3366390761525335, 3.70216642392201, 0.038106207538849864, -0.9250675794966827, 2.041816035808393, 0.4243749649495667, -0.5373160825494938, 1.4507610855988429, 1.5501580032838307, 2.5956773764199528, 1.9547628578309928, 1.1547884278456535, 0.9303295714254772, -1.9060855066705222, 0.6218676474892176, 1.544136438437807, -0.06967782316251027, 1.05871277540239, -0.033804081963772006, 1.211949767500893, 1.728489723795202, -3.390098846249016, 1.184079671868819, 0.773693923434859, 0.7853298655137108, -0.9918179166918212, -3.0668370270136394, -1.0800154770851844, -1.7684092333865677, 0.9236357373557577, 0.5761594729068953, 0.36390080227144017, -0.06058753780096757, 5.683827557818649, -0.48343944183764526, -0.39466856069891987, -0.43026855672658243, -3.0339906259842895, -2.4823092891467424, 0.3959999176115441, 0.0568149257950732, -3.0759874617668084, -2.585678616843401, -0.8518356157157163, 0.07749640118328902, -0.8572960342742529, -0.2364350102530193, -0.05717401035052811, -0.7614992711771814, -0.3929005133192214, -0.8915993035146895, -0.21636647943351678, 0.5536857136277739, 0.4311209257344429, -1.1480795077463088, -0.7751504226934245, 1.3133749606486105, -2.719617690778463, 1.2224258668424255, 1.0219757935132343, -2.3071804108005973, 0.04929986122111079, -0.1584660710769867, 4.111385663068206, -0.2611694839717972, -4.939218058443744, 1.6470154558644965, 1.715057335827372, -1.0531796132253217, 0.14684486979894015, -0.2633843371115112, 0.8716374997883674, -0.7792217310125182], [-0.8927440684885845, 0.6797529340811782, -1.5657792981877516, -0.08353360873907227, 0.7915368467933201, 0.7233203304929211, 0.2213880071926883, -2.345943922176943, 0.11707073989942333, 0.12527536593465707, 0.9050248951172059, 0.8557433084289003, -1.1453190222174994, 0.7056712168474201, 1.187265097014928, -0.43126141990038236, 1.4121486540679475, -1.9708590045746976, -0.3601735216043454, 9.539988116618163, 1.4158686430520673, -0.5201215803844695, -1.6000122831958405, 0.021960337026400052, 0.9384788982353212, -1.9771870718007312, 0.4374233296193005, -0.37908140167135834, 0.6886679631358904, 1.4941687426107157, -0.08489693680877333, -1.501443344626993, 0.2531227835537601, 0.1251960969094957, -2.586213985247364, 1.4184158457781328, 1.4920566527102113, 1.2479465452073104, -5.221101118428364, 3.5963828400027125, -0.5955069308822832, -2.8573794217050232, -0.8661817758952617, -1.1791925107827175, 0.3214104329472395, 0.4944616943740359, 2.0912723670076443, -0.030966618774287035, -0.355472199401632, 1.6817523248254178, 1.76956935550612, -0.1818034824213782, 0.09308234123728988, -3.3836256231330646, -1.1570036070227763, -0.4378662722665192, 2.7882153022257308, 0.43834205801391474, -2.8396272952013506, 1.9506366197970717, -2.034830178518367, 0.9818003783358391, -0.19102184917921983, -0.033722951562635994, -0.01700545424815449, 0.816871938247