n: 10
m: 5
H: [[5.248771628912954, 0.0, -0.04122120272031301, -0.24809731133155233, 0.0, 2.2840985945552936, 1.3340702755474372, -1.059951436755509, -0.5710154975526907, 0.0], [0.0, 0.2345805047260013, 0.0, 0.0, 0.0, 0.0, 0.01013925258813708, 0.0, 0.5595466685992868, 0.0], [-0.04122120272031301, 0.0, 0.01174523588792823, 0.0, 0.0, 0.0, 0.0, 0.0, 0.05137665707683761, 0.0], [-0.24809731133155233, 0.0, 0.0, 0.4251944253641021, -0.36655081263564515, 0.0, -0.5079319485281756, 0.0, -0.19699274038066275, 1.0282952543266526], [0.0, 0.0, 0.0, -0.36655081263564515, 5.084757671929266, 0.0, 0.6124055716856396, 1.2640103077856346, 0.0, -2.0456766065353507], [2.2840985945552936, 0.0, 0.0, 0.0, 0.0, 1.90052617253806, 2.3798634489458146, -0.629158729890495, 0.0, 0.0], [1.3340702755474372, 0.01013925258813708, 0.0, -0.5079319485281756, 0.6124055716856396, 2.3798634489458146, 7.978573460750611, 0.0, 0.025262143812084643, -1.7179984912855857], [-1.059951436755509, 0.0, 0.0, 0.0, 1.2640103077856346, -0.629158729890495, 0.0, 1.7278984788087757, 0.0, -0.18988260607894183], [-0.5710154975526907, 0.5595466685992868, 0.05137665707683761, -0.19699274038066275, 0.0, 0.0, 0.025262143812084643, 0.0, 3.3738521493507574, 0.0], [0.0, 0.0, 0.0, 1.0282952543266526, -2.0456766065353507, 0.0, -1.7179984912855857, -0.18988260607894183, 0.0, 5.278299109845584]]
g: [0.7044282292777391, -0.6823392951624928, 0.9673723305438041, -0.8266083371055294, -0.21414904442407945, 0.18705729490477244, -1.1480960502153872, -0.3080172263227435, 0.7520870535972514, 1.1731759430235351]
AI: None
bI: None
AE: [[0.0, 0.0, 2.024075324865646, 0.0, 0.0, 0.0, 0.0, 0.0, 0.0, 0.0], [1.0654125707553213, 0.0, 0.0, 0.0, 0.3551667435094493, 0.0, 0.0, 0.0, 0.0, 0.0], [0.0, 0.0, -0.052758689606466916, 0.0, 0.0, 0.8300201917784548, 0.0, -0.3986942274780334, -0.5086673937275926, 0.4130438872551772], [0.0, 0.0, -0.07632790016706785, -0.5482706062782875, 0.0, 0.0, 0.0, 0.0, 0.0, 0.0], [-1.2130358897086448, 1.1833116968801014, 0.0, 0.0, 0.0, -1.085004092543374, 0.5434627669634049, 0.0, 0.0, -1.6876180975278776]]
bE: [0.9542075085790964, 1.7966744930026037, 1.594878436045484, 0.6679668577735969, -1.075447007165102]
