n: 5
m: 2
H: [[1.040147225972283, 0.0, 0.0060370892767630325, 0.9524558289965198, 0.0], [0.0, 0.021782782434893382, 0.0, -0.16775092334816127, 0.028820891187123346], [0.0060370892767630325, 0.0, 0.010070288939623983, 0.0, 0.0], [0.9524558289965198, -0.16775092334816127, 0.0, 4.1713846808374635, -0.4103216820875275], [0.0, 0.028820891187123346, 0.0, -0.4103216820875275, 0.08049640213674372]]
g: [2.180328306479924, 0.1904668809006726, 1.2616858976614729, 0.4176596796961123, 0.8939576883851278]
AI: None
bI: None
AE: [[0.04735517267449534, 0.0, 0.0, -0.6084255244604428, 0.0], [0.0, -0.26854813353660667, 0.0, 0.0, 0.0]]
bE: [0.1327082957599512, -0.4761420149273371]
