n: 5
m: 2
H: [[2.5039131166627824, 0.0, 0.0, 0.0, -0.3697520829980483], [0.0, 2.348736960488606, 0.0, -0.35662258068233693, 0.0], [0.0, 0.0, 0.01, 0.0, 0.0], [0.0, -0.35662258068233693, 0.0, 1.0732843087913375, 0.38119569148259186], [-0.3697520829980483, 0.0, 0.0, 0.38119569148259186, 0.3115450644110887]]
g: [-0.2510439680857766, -0.16386711649477018, -1.4763296931546015, 1.4869809580472004, -0.024455177494065745]
AI: None
bI: None
AE: [[0.41701110966317523, 0.0, 0.0, 0.35555131712243215, 0.0], [0.0, 0.0, 0.0, 0.8324618571211564, 0.0]]
bE: [-2.026719615730092, 1.1194236115618375]
