n: 5
m: 2
H: [[3.6194411789905883, 0.0, 0.0, 0.0, 0.0], [0.0, 0.8550014713573161, 0.0, 0.0, -0.9342518502715133], [0.0, 0.0, 0.08482005021699054, -0.1809055132863759, 0.1649038082581173], [0.0, 0.0, -0.1809055132863759, 0.4474068801410047, -0.3987167609390138], [0.0, -0.9342518502715133, 0.1649038082581173, -0.3987167609390138, 2.856693628925589]]
g: [-1.2298121380400742, 0.9867192288169765, -0.816115397470563, -1.758183824892055, 0.6962122149887117]
AI: None
bI: None
AE: [[0.0, -0.02139537562525888, 0.0, 0.0, 0.0], [0.5018247720502017, 2.6584384626870894, 0.0, 0.0, 0.0]]
bE: [-0.04177602048936963, -0.7503909049917524]
