n: 100
m: 801
H: [[24.228093003741403, 1.1641758270165803, -1.8688310605195992, -2.0617854895535603, -1.9165729438060728, -2.3764925393493597, -0.20524684690550632, -0.26427640820084947, 0.4202764765268892, -3.760281959506202, 3.658679667219242, 0.8305538068981486, 1.5304376476859436, 1.6532470074489543, 3.170188028868342, -1.8571330408185474, -4.338702165857295, 0.8858575879715908, -2.6988846726909324, -3.116411902557407, -0.5987466538569417, 4.5512157425992825, -4.48104599584803, -3.326454624223835, 0.39237129119316444, 2.843584706797652, 0.19090906843709912, -0.02349813666313101, -1.6329202971737258, 0.5912793615191401, 0.564839818843332, -0.3805430579890269, -2.1656778593495027, -4.037703989169085, -0.32980394825266535, -3.6646013723984283, -1.2461642924295273, -1.093075282758636, -0.6130060782684097, 1.8080310607872203, -2.4329259986151515, -1.5249655617580073, -1.2368615198635529, -5.747091424158373, -2.649483834287137, -2.7817379645788693, -0.10893115601678244, 0.5272939148152129, 0.43972158636912695, 1.0416525562058145, 2.5268370664162316, -2.9859909570653813, -4.2386732917865535, -2.355402202125222, -2.1239542729352436, -1.1019446245702862, -0.9103569329153707, 0.7853759378591727, 3.0146505462326934, -0.13096365861323553, 0.07096918151473414, 0.6602845514481264, -2.852049006752537, 1.0245310762071513, 0.8859997523825881, 0.29140560826119444, 0.8204697314411944, -5.704367699405589, -0.1340847196522764, -1.8423529424798613, 0.3812885423642795, 0.1609761976183776, 2.743832057490989, 0.37064118200384044, 0.6837090946542477, 4.552409784753996, -0.33942883279465147, -1.7187164228443859, -4.343386766246076, -1.0080902160915741, -0.3356291356109555, -1.6784781964812558, 0.3870677032372044, -2.7467453820199115, -1.5898685074361432, 1.3728575950177353, 0.00939691341977778, -2.9014166816826026, -0.970967355104494, -1.747168899845931, 0.8763182455174806, -1.3557645215354162, -1.8765348931252956, -1.070168804670776, 3.838886363041966, 2.0113488514991187, -0.4178676494530626, 2.9463929621442437, 3.2906970542869907, -1.4141231578491165], [1.1641758270165803, 29.37219665158305, -2.9789614598620804, 6.835738034288852, 2.1651804363981393, -2.3449134654074286, -0.7026442258921544, -0.2678884285119182, 4.037720905855242, -0.6195733847214567, -1.2503919432205008, 1.5788257217740413, -4.825814115307999, 2.544509696807265, -0.4968027323255801, -0.7324241814186702, -0.5979542018693751, 3.5749670914933023, -1.5036660275580394, 0.09269857370450192, -0.43810258320449547, -3.263529637922043, 4.138584952408078, -0.7307039808875312, 5.952881545377253, 0.8512096219909573, 2.380965536098908, -2.2712148631312896, -2.5538630506728794, 2.559839256829215, 3.3671243636391046, 2.208075111886626, 5.302324851383019, 0.0016708834401849392, 0.059762169349505, -1.4287642252512038, -1.185763868455008, -2.3920931915835966, -1.6815470660669802, -1.5322540530670221, 1.4413766824227554, 2.745331059967516, -2.4008261675065086, 0.049518224225755664, -5.469765053436583, -0.6024544836942802, 1.0461957007415328, -0.3278248533351423, 1.042004060452532, 1.359082118163037, -0.558988638996055, 4.968582284750588, -1.5333556140555364, -1.9607297191612967, -0.16256677246892837, -2.3733592317354266, 0.3727453906416284, 0.3079165653910075, 0.3329460584625154, 2.8332737955027487, -0.5078675862963423, -0.718555461472263, 2.6059270966785957, 3.227878867803317, 3.086852269003223, -2.077258297466519, -0.09584359353882276, 1.6309713724583672, 2.850121763710921, 3.545897098531355, -4.86804678854077, -1.8771170063843519, -1.942791505881517, -0.594221408434194, 0.17645378423496122, 0.4923607423598838, 0.4766728423265311, -0.9602826719100672, 2.7359486186235973, -0.06183364100762672, 0.2459707004205817, -0.45605215134518073, -2.1835616182497213, 5.035796788946958, 1.9692719328739272, 4.100856058704731, 1.9908007118635094, -2.417486612313921, -0.5903942164139184, 1.1411928690784028, -0.5045396212958811, 2.8707614346860693, 1.6511507913494181, 2.403849078142878, -3.547595255137725, 0.055748148276757135, 1.7020983944028116, 0.17445029187224642, -0.11198965119652775, 2.0396509864409462], [-1.8688310605195992, -2.9789614598620804, 24.32888502176732, -2.622802423267622, 2.344454520858747, 2.6485762872031207, 1.4860940513191647, -1.2411865282170162, -0.6010511398632463, -7.164162009897354, 2.0186514449250863, -0.39172956810798715, 1.019698808989978, -1.174034186979623, -0.7783114333962047, 0.15754955399818005, -0.5903393105733081, 0.5536916752066233, -1.05156624311474, -0.9274592690642888, 3.5709516519580937, -0.7666347961071212, -0.006877522075668532, 1.5888800015341198, -3.4790280585112536, 0.6564116663674716, 4.895775217636133, 2.4383249760794192, 1.6057655260111658, 1.0866636443102557, -0.538848644555629, -1.2722973009899237, -3.5248160867749228, 1.8890326841912652, -0.06591596112682777, -0.34967535528723687, -1.3649257576887888, -3.5398482506795466, 6.930236121945834, 1.6669682118692508, 2.6129155288047414, -1.4609940465825142, -5.6938829369167285, -7.218302807868965, -1.7739198467950956, 0.43391767724543684, 0.9482007192579774, 0.13287116354015818, -6.758582677778661, -0.48726318357050463, 0.6083261125283366, -0.9039270056690398, 0.15234144155883825, -1.3252615367496796, -2.098066617564603, -1.4142103179025782, 0.08393553830516848, -0.35973881830314947, -0.9537165797723798, -0.8168684620507132, 0.026624686703826922, -2.6696788310075092, -0.5150589711439362, 0.4080626142238761, -2.0351439152174744, 3.099996737357869, -2.366380084812253, 0.4075720284827932, 1.0904049488274017, 2.797525997412382, 3.5044598591148293, 3.4587552245194466, 0.5389386745955812, 0.41620482929532193, -0.2506046988266157, -0.31338503986920185, -4.1140256903697106, 0.40730605410900167, 3.081994584259783, 3.7455005124583476, 3.2769576209546614, 4.041765051976251, 0.7097655986666542, -2.1810563797994877, -6.263703629109583, 0.8116223828805529, -0.5878846310013552, -0.8835508496205455, -1.2888298053068916, -1.7576032730045998, -3.119410504547862, -1.690822402336354, 0.617202741527512, 0.5109442363584489, -5.1572165102599925, 2.3790909357341046, 0.7381830038278856, 1.1236697373199203, 2.109462453299611, 0.9193776877700522], [-2.0617854895535603, 6.835738034288852, -2.622802423267622, 26.17224105259364, 0.7693867943927222, 5.480145858155621, -0.6284065506712382, -0.04418222841725433, -4.487827793652932, 2.4856465440583486, -1.8373901887884962, 0.9974042102383379, -3.044596190264496, -0.3098488255863692, -1.2044650881402963, -1.076211316332322, 2.8588135174954963, 2.1968374356224256, -2.3950802886602833, -0.5688837231843848, -0.40676501806597015, -4.175436597868926, -1.7935143450192603, -0.8474124977321906, 0.8728247956135124, -1.5412340503491033, 1.7688021054638083, 0.2156988264330381, -4.995340056018079, -1.1123039171753244, 0.23860685682311553, 2.7446148433045736, 0.9872230451937597, 3.9530792492602527, 2.4893306354825118, -3.047973861398467, -1.6986587889607159, 2.0091790563181746, -2.3631730050646085, -3.2420759925550535, 0.3623518466811331, 0.46612236875468005, -4.823983214998485, -2.0207671111571526, -0.018092987791189303, -0.727857706416678, 2.8148184822834956, -0.522091036896285, -0.46342346035816767, -0.18181702589524074, -1.30954322448481, 3.4636449540198346, 0.25941676263257957, 2.637088548184502, 1.7344895291995956, 1.363836346023025, -2.799036029362585, 1.9514449502695193, 2.4801893108201782, 2.3110870459228656, 0.176928390967682, -0.4984740800987166, 2.042319288212968, -2.601888258067834, 1.670698132508824, -1.217639989574835, 2.0077345230296393, 0.5216487229498341, 1.3187965688196062, 1.135920301284652, -4.067147351514602, -0.21483063557531887, 0.2905076477258067, -0.03422141461594049, 4.6452295526779475, 0.5693137541517834, -1.603310912817294, -5.57024031671434, 5.494049859579675, -4.248889596375978, 3.033650012794549, 3.1305018774751465, -2.770825402054835, 2.316228358446681, -0.5874103468858014, 2.348361216781804, -0.327757324568277, 2.9430524049386633, 0.5724112470052372, -1.797063913875597, -0.9393611197026579, 2.797002825054701, -0.4639740141013888, -0.09181476015746388, 0.2543833058585922, -1.0323045956898738, -0.4705417349192401, -2.24417415489942, 3.9094632475917206, -1.369545217079033], [-1.9165729438060728, 2.1651804363981393, 2.344454520858747, 0.7693867943927222, 10.785733091624207, 0.5787539286500696, 0.7292560875913209, -0.5106593960287221, 0.7704977790534989, -0.47073844007669335, 0.0, 2.748239509357814, -5.589687576677798, -1.3343540138113168, -0.4151844057236423, -1.4424924479357424, 3.3902972942035707, -1.902311090413535, 0.5681383929251212, 1.7683017943600998, -2.4285994266458566, -4.0193223364083215, -1.2549631263907848, 0.030164920776141378, 1.1927545331130849, -0.2797709115575854, -0.2233397872759951, 1.1786304613941487, -1.6339662159757524, -4.114532736114661, 1.1208132224578393, 0.14467741719544236, 0.20993507203436076, 1.2345226277456656, 1.9675407488656902, -0.20159991287602305, -1.1104253076013832, -7.67211766841301, 2.4911491726065327, 0.09881834635414244, 4.8527139484041, -0.2195250630542558, 1.1405439802554187, -2.5792187739096075, -2.4199780787626812, 2.935786149974137, -1.8588307701587405, 0.10810746505359418, 1.2618938921334346, 0.6086115533581947, 0.02447817990831586, 3.649470404286082, 0.5466181590114962, 1.0535754006216185, 2.107246910047772, -1.7022012183625028, -0.1393398244169761, 0.350767944114017, -0.8283406377401002, -0.19276364514820557, 1.3900197546355937, 0.9631514761596963, 0.3088585695325132, -0.0031195008602092904, -0.23230864416041744, 1.2310860619593313, -1.5531922966902207, 1.1138298559742492, 0.12961161975986032, 0.7926106090471504, -1.398043628754356, -2.268388798093637, 0.46103761788333975, -2.5740734977185857, 1.7608217726312405, 0.10761715462005458, 2.643236894309254, 2.1216491227339747, 0.3532306651617423, 0.18896189189161783, 2.432976958443071, 0.46930114282225105, -1.8542262459815486, -1.2983612187777434, -0.24997081456554174, -0.43177725136794115, 2.2376029089041656, 1.7327597826487409, -0.041978303762772715, 0.1436755382648107, 0.0, 1.2891766175059205, -0.7939621868587999, 0.024974027435886587, 1.054159468650618, -0.5693047880778795, 2.961371974474767, -1.8452496297845278, -0.1314489621090972, 1.8232795084606543], [-2.3764925393493597, -2.3449134654074286, 2.6485762872031207, 5.480145858155621, 0.5787539286500696, 28.33419444052999, -0.5241523491639384, 1.0910598246093313, -4.621720536324362, 4.5221509999562555, -4.266859413506903, -1.4848018362945434, 1.2203428518180286, -2.3756252137732985, -3.58498453087082, 2.425643046605876, 5.882719755322498, -2.676327243037275, -1.8221949021760666, -1.155684559954583, 2.8672617287197175, -1.3873252923922383, -1.5276487244494028, -1.202738291694106, -2.6516275789785895, 1.2865949368487952, 1.9182958474000444, 0.22185120973785674, -0.5251254731361057, -3.242895165813691, 1.4070429072242527, -1.6225328870091091, -0.32981006812498037, -0.236682670378052, 4.958742782611181, 2.919732453864389, -0.15276844711587914, -0.33902244132020715, -2.720048595727704, -1.569659376459134, -2.7676139843959993, -0.2277625981558422, -13.786094231517435, 0.9709982163203925, 4.718307661036343, 0.7538685114487653, -1.0115614077202022, 1.0332183275823807, 1.612860644632069, 1.4505218979508754, 0.45492560055228437, -0.8050620387445061, 0.6821911694562672, -0.9188280798338753, 0.011654473219479636, 0.03363934480465168, -2.3198045179784725, -0.22914985423421919, 2.1498451787514905, 2.588175113407654, -2.0429898884433024, -2.689656949366292, 1.4666824657653126, -5.505411018438168, -0.3350197449284009, -3.939929258405692, 0.4407352003258727, -0.165944188431109, -2.549887129208559, 1.861803118187388, 1.1639213486787272, 6.145015195525029, -1.9359822483088498, -0.7971077049277749, 4.768630541520141, -0.8403316650929608, -4.650841604978127, -4.010044677664475, 1.8794624920618144, -1.8038267100161822, 6.694581340124989, -4.178868785143462, 3.3461296803285494, 1.4475011854515847, -0.7008368506910355, 0.4355255693165754, 1.5990279007570003, 0.0902923447173211, 1.1686996696454515, -0.5266518247126298, -0.2102863779727582, 2.049936815635872, 0.11748804671959212, -4.440766104592691, 1.0003882908519508, -1.427165551266825, -0.2511763769192244, 2.2927161548330424, 3.1284505205350417, -1.115008916478875], [-0.20524684690550632, -0.7026442258921544, 1.4860940513191647, -0.6284065506712382, 0.7292560875913209, -0.5241523491639384, 16.716434464475935, 0.6220451017370198, -4.20501313346596, -2.077646413618764, 0.5442068799013317, 0.11501449762164401, 0.9662681152285789, 4.281892805354393, 1.1604755492207175, 1.2777239460743335, -4.313781307807234, -0.81154571905706, 0.4352486241048381, -0.8648740426449739, -0.2640858745931983, -0.6242872872746783, 1.3045010079197241, 1.7927051756939347, 2.535441735079399, 0.9759725867716411, -1.307128184802535, 0.4021900134042109, 6.162687887139524, 1.0076648270725674, 4.240771248092145, -0.4295129988098716, -1.505256693566717, 1.6743301396870722, 0.9570959290745255, 1.6499929879905817, -0.9691867266644809, -0.8632200027921971, -0.028081227058595757, 0.5159574485291955, -0.4485413635555177, -0.680782499014105, -4.479892804803, 0.6205924737831179, -0.6269908798163072, 0.9561093590741806, -0.5339087149940851, -0.6998164173114818, -0.30788657035225747, -1.8615131348819114, 2.7868548729728158, -1.503827334802921, -1.7321036397633125, -1.8793030474164039, 1.810561294560885, 1.7927918646939642, 5.200454440939592, 2.4907112329836982, -0.3777742513268281, -1.3604098354747718, -0.476470261602402, 0.5505404358328647, 1.593353450991203, -1.5541292200941716, 0.5115060172590103, 2.0291134684785392, -1.1380479840469524, -3.003818735187767, -2.915161274767447, -0.4926991319622634, 0.5285780521217602, -0.9295892274368189, -1.4062243918021637, -0.1743726563755816, -0.7531176804843975, 3.6939498996365945, 0.659500099070216, 0.06813825877539915, 1.1985300742939684, -1.9133844384972991, 1.0131620019292369, 2.5342789464172957, 0.5656392910282114, -0.5433657020293621, 3.212676041071735, -5.5772114226064815, -0.07607736222331048, 3.2659406030994065, 0.9989226622430528, 0.5234123838170541, -0.4136537081778216, 0.3810737692247224, 2.0452915923649395, 0.7547499042383521, -1.3880005934533903, -1.225699924115301, -0.1849340764741055, 1.4999829550232995, -1.214350673711756, -1.5342003124023589], [-0.26427640820084947, -0.2678884285119182, -1.2411865282170162, -0.04418222841725433, -0.5106593960287221, 1.0910598246093313, 0.6220451017370198, 9.207979248575663, -0.35822969442645114, 2.9719914520013564, -1.4246825723411058, -2.1085918298669735, 1.205687995282138, 1.3513832685967893, 2.0949724488583303, 0.6554561420789434, -0.6859939508466587, 1.004434334751697, 2.8506830288055713, 0.2316504443285696, 1.3515466608062712, 0.7127612232813304, 0.2333389531064091, -2.3280141782627983, 0.034922518339390474, -5.324342904904327, 2.4632516434780034, -1.355125749481596, -1.021641645006561, -1.523113803782612, 0.19091663550392707, 0.6706980949236627, -1.3495498309050875, -0.11321648727689683, -0.02355692574779738, 0.1438217898390828, 0.476176054359522, 5.430245769798121, 0.028212355600368073, -0.33774172043216616, -0.012453962501963184, 0.7704599882653458, -2.661437445864915, 0.8454090755242646, 0.5628247443882954, 3.861783815156864, 0.3056338858263638, 0.3989108969080047, 0.4967993747083265, 3.6087603753288024, 0.48090138130046794, 0.12159957343957262, -0.23217000637975688, -2.3328790096801852, 0.9490529271897649, 2.1016770593182503, 0.22519897997390667, -1.112991089284815, 1.4157036859099756, 0.2550540728239027, -2.7813380953614173, 1.1145249150353778, -0.0022772236489956997, 0.30886250772165585, 0.1362072675473011, -0.17396407601597283, 2.0944094140930587, -1.2378133984961517, 0.1042691743959435, 0.9817516181845996, 4.605096991034592, 0.19592446849450212, -0.7700486419255436, 1.5299317132598023, 0.18501685405925763, -2.6679950759342517, 1.034525132483699, -4.5479116758100515, -2.306828888359027, -0.28585397291479203, 1.1931681145305664, -1.278959478829819, 1.258817128273083, -0.17339168373643618, -0.23016075265873476, -0.5911301691530435, 0.27247515109324766, -1.317890702443906, 0.14446556823194615, 1.161901320380066, -1.2128995053259675, -1.8815799615465385, 1.3726796605629128, -0.2884191934567356, 1.7027703087251223, -0.42598818103972297, 2.4697396929133846, 0.6703051663177575, -1.3748808430530806, -0.7591391890588995], [0.4202764765268892, 4.037720905855242, -0.6010511398632463, -4.487827793652932, 0.7704977790534989, -4.621720536324362, -4.20501313346596, -0.35822969442645114, 31.7949360447049, 4.428844417486564, 5.208401882745599, -4.665625184695824, 0.841012222421612, -0.43913950130508667, 1.0107632466511405, -2.280849802915855, 1.5120990452994008, 1.9312284830950455, -0.8023159340663779, 2.710527731749982, -0.6108298979793741, -0.5201532415206797, -3.526057531834573, -1.5139928843842885, 2.647538765462684, 1.4478232793815242, 4.890121105533011, -3.0506520480001176, 2.527179428706515, -0.7905578808474671, -2.317563359772635, -1.243860836237728, -3.1931702632399857, -1.3029410180360252, 0.9313101547636049, 2.7301624319735716, 1.8793325567390258, 1.8960924863324113, -0.7134557626139286, 0.20727433289073194, 0.9770243781389055, -2.0643195671226398, 8.101920650545372, -0.8456981762087714, -2.1763895540835403, 0.33041940481161325, 1.8864769604081513, -1.8412351293143896, 3.3676817465952316, 0.3880336534506626, 0.6439859154457303, 1.4240313658921575, 3.401877123972384, -0.5187305140144453, 0.6508838641308688, -0.6104022265082139, -6.798293853769462, -0.5388344478842888, -0.32019499263069057, -0.6721939278934195, -0.2607945428113195, 1.3328675078279044, -4.4915959642254615, -3.2859082651326923, 0.8023264953712737, -1.313619568114758, -1.0320510168070458, 0.1468564161092343, -8.655535887699694, 2.2797763326186953, 0.5569119755764496, -1.6230945462058355, -0.9277265669995227, -3.1067628731323484, 3.7204834487409504, -2.4398290098132094, 2.926226257314232, 2.5063330305502167, -2.836144163152587, -4.799538465362392, -2.343781509365698, -2.5077614036313807, -0.4093868997140201, -3.027446684753135, 2.5219321525037794, 2.0470653679040525, -0.8722394922880834, -5.089819809608534, 1.367225592072653, 0.33613957167595826, 0.8822777860494516, 0.7576015121146734, -0.6973325015940958, 3.8749653743081716, -0.600439671145353, -2.029923403259226, 0.5292083810245983, 1.1819198108880813, 1.2488543438444624, 3.2031827087530136], [-3.760281959506202, -0.6195733847214567, -7.164162009897354, 2.4856465440583486, -0.47073844007669335, 4.5221509999562555, -2.077646413618764, 2.9719914520013564, 4.428844417486564, 31.407626983252758, -2.8350966053487556, 0.8071261244288175, 0.25327286589054965, -3.256594858051256, -0.10992099218733703, 1.245223144982168, 2.888032358903123, 0.3249416869428871, -1.417849974633764, -1.2232676296046383, -0.12125275532147949, 0.379835407415652, -4.168528878515251, 2.41418368064651, 2.9251144819467756, -1.0980575705445406, 0.48744357558840357, -2.5076180228386704, 2.7246759122443462, -5.2039490137659605, -0.6948204019678187, -2.8237653605881423, -1.862917361355538, 0.4003525237440033, -0.1730194233585962, 3.4085160560306997, 0.5092087027661982, -2.2889409357109205, -5.839031458149842, -4.164462260429483, 0.21652993117580374, -1.8431466524752835, 1.5260605013018151, 6.235545908824093, 3.8581357503761358, 1.0538494344032756, -3.1867839287729445, 1.4438176943244383, 5.2402764225750005, 1.3340914270817432, 2.471844159651795, 2.3761570452225835, 2.289943769008589, 0.5473128539650585, 1.431960140787895, -0.12616288546591428, -1.254996976267926, 1.1996839874779137, 1.7792200904482276, 3.8880712050284143, 0.6977626404432435, -1.5618938676784249, -3.260271357204282, -0.9502014549929744, -0.7084811069246795, -3.734842709945019, 1.3566251144099162, 0.8400586805102286, 0.4127035460210693, -3.5368015355902642, 2.6169950681338334, -3.0014832770581177, 0.37278388454963085, -1.1608579937724, 5.81435798160656, -4.250469566217737, 0.9905176898790005, 3.659162608651387, -0.6275293904363873, -2.6663268826609614, -0.7730910032236664, -5.399397657272928, 0.8926643701330731, 1.1278638816160473, -2.3817792086279326, -2.3297017157195166, -0.939973466703338, -0.7180618888650535, -0.5904070308070891, 2.896821081577482, -0.8108343258165286, 1.8822939681324877, -1.563888486670386, 1.5288580784964971, 0.5674783962321466, -1.8001741126683313, -1.4881429480795945, -3.5073650615997307, 0.7904183319331121, 1.8328448446381207], [3.658679667219242, -1.2503919432205008, 2.0186514449250863, -1.8373901887884962, 0.0, -4.266859413506903, 0.5442068799013317, -1.4246825723411058, 5.208401882745599, -2.8350966053487556, 25.930642874942862, -3.7305330062987325, -0.2462975966076949, -0.979877586712275, 2.14702309310553, 0.21939513231006946, -1.2281271863376944, 2.5917567691721826, 0.025215526739152744, 2.4948511800593, -0.5814099194148529, 2.597639206597132, -4.844514657880832, -5.132990649346005, 4.732351930622588, 0.9368076598710713, 5.186017877988047, 4.4873439028707445, -0.037602895248346625, 0.6117310781083569, 2.1559856222413374, -0.32495537290064364, -4.101101720238184, 1.793496578561602, -0.3159644970241987, 0.8153729695029774, 3.021659592883127, 3.2364917338178394, -0.5296605916389048, -1.4247524524008026, -2.437216195921712, 1.1831973682324088, 5.824607260848992, -8.11044486329023, 0.9046218296549873, -0.18543862959757476, 3.3027999034700946, -1.167514104325985, 0.253403694116959, -0.13707369550230608, 2.354085549280109, -0.817680166449818, -3.1758719075425415, -2.7652751616180984, -0.3124810577648144, -1.6368434250281705, -0.4810374639543921, 0.9023124189966387, -5.496286075059654, -3.09131511273357, 2.871428826075992, -1.013325732720156, 0.9265677981401069, -0.6401636960707728, -0.3255872129908354, -7.2230642468192805, -3.57749419491381, 2.6777684107146804, -5.3958040576328345, 1.8767725764201155, -1.520904611547186, 1.470788497927573, -1.380321380847134, -1.3738500328017882, 0.0, -2.3322024437550173, 0.8868723322184267, -4.327158331273978, -1.2502443203041291, -3.505750970107201, -0.01531510571305369, 2.4033066330962964, -1.2902316095073798, -2.167156938791044, 3.033065247928097, -3.287252277312164, 0.30259281641132607, 0.16374183646245113, -0.15734541239852795, 0.7848880275911689, -0.2575882111107175, 0.9788809811530791, -0.4630133581974199, -3.0962939900045368, -6.307766985128129, -4.697697609666682, -1.0051815689206305, 4.058003952598767, 0.8077289901100589, 2.617152087130722], [0.8305538068981486, 1.5788257217740413, -0.39172956810798715, 0.9974042102383379, 2.748239509357814, -1.4848018362945434, 0.11501449762164401, -2.1085918298669735, -4.665625184695824, 0.8071261244288175, -3.7305330062987325, 39.17565999029288, 0.3217396697763111, -2.352555203056786, 3.8118058830091663, -3.390067523682887, 4.222140710783728, 0.8452642356410056, -0.8296558259348843, -3.270835379633329, -0.9640343552638655, -0.23593725901168358, 3.378963366180552, 1.6385414698473897, -3.3243758375589816, -0.19086818890223234, 1.6647357783904018, 2.7498243260576, 6.8010177808873555, -1.2186578906591328, 2.3786542208753954, 1.2412507376922342, -0.716730561614487, -1.2953120838934835, -0.4702549483503067, 5.305081591604448, 0.1144329853756736, -3.1425514671563444, 3.719082187122195, 0.2902770720294643, 3.637241257360425, -1.4280555504092005, -3.492469307899629, 0.42330237908368035, -1.2004962668879888, -0.6264860177349274, -3.039090979507592, 0.02507959962320049, -0.38038810193568956, -1.7622076259953259, 2.0850809643948023, 2.0594465805589, 2.2753123168318545, 2.8357056271061998, -0.9699285386552686, -5.7218684991547555, -1.8863326338651831, 0.741875156208202, 0.3491622586899371, 3.005667544225092, 0.01064032468179791, -5.0733286706821765, -1.86606138899268, 0.8823260805084212, 0.8365691816902131, -1.5274930125441866, -0.620561802460722, -2.411901258615822, 1.7506757286445014, 0.28808824791909515, -1.8369900296922868, -0.19540656957801522, 1.1249005557729466, -0.9086968477133465, -0.7580380302982058, 1.8258789211741653, -1.805316547095462, 2.7737253679081766, 0.6271948195648783, -0.6344396535296971, -2.2043470660865974, -0.7453102559383934, -7.1429999271736335, -2.6217725614705665, 0.4513194248606614, 3.740532375463329, 1.0664721695476256, 1.4642883394943291, -1.5593317146520642, -2.068818194168992, -0.9518705350796527, 6.753215257099765, -3.51884374395354, 0.24153559188116458, 0.5918343359091326, -0.9989991074714483, 0.5022423363618841, -1.3091887547968, -1.8404465396575023, 3.1451296280946335], [1.5304376476859436, -4.825814115307999, 1.019698808989978, -3.044596190264496, -5.589687576677798, 1.2203428518180286, 0.9662681152285789, 1.205687995282138, 0.841012222421612, 0.25327286589054965, -0.2462975966076949, 0.3217396697763111, 34.392366427088184, 2.331152560483481, 2.460726539954662, 2.074043878220104, -11.555815339865285, 4.065635515030316, 0.7259073158475675, -1.3152705939885403, -0.4851878734611662, -2.65108523297844, 0.3267847939242921, 0.6074759447981567, -3.495974530286922, 1.3317449442444909, -1.7624900530844305, 0.8527794546185847, 1.9594842255507, 4.813330663394982, 0.6402539198253953, 1.0420125904529614, -1.1092707904282626, -1.4321461092976238, -2.6882429876254674, 0.9223110350553919, -0.4452803457090262, -0.18213735528083572, -0.18341637070729103, -3.179703610957437, -1.3401456176014843, 3.9486793707982057, -4.7875795160779, -0.44688257776351503, 4.705594282504799, 1.6474446391083288, 0.7293887279102202, 0.4137203034068537, -4.785448587862746, -0.5881074547449335, 3.913510290338415, -5.939106884751948, -1.2764955710981138, -1.0016038663582516, 5.107220427821786, 1.6599770946848966, -3.0295605971375035, 3.2225409111703893, 1.4921195190324097, -5.519698384455352, -2.8818743545003636, -0.48161211674700016, -5.0624793830325485, -1.1334482299430995, 0.5985713969331568, 0.8502885542200199, 0.7943883638869187, -3.9916739910356256, 0.5922907970508167, -0.6133520405014258, -0.7270455833951118, -0.6047807200662192, 1.0270081374530202, 2.0679387135515004, 0.057631746305000946, -2.1614886906314092, -2.3207795449739024, -3.4338036684502433, -0.6386863345650994, -0.28813159112945486, -1.9856524994524332, 0.5271384781605587, 4.592854125165566, 0.0494196662727019, -0.6632055170564576, -3.1928992014655235, -3.610865590753952, -2.29512263364724, 1.1428641248372426, -5.1883148188075925, -1.4088550150410601, 1.0839755247086778, -1.458237536080438, 1.8076988772368918, -0.10209266693168131, 2.5524949872223512, -1.3401582976019668, 4.219286818382964, -2.4226365574107303, -2.667624298040248], [1.6532470074489543, 2.544509696807265, -1.174034186979623, -0.3098488255863692, -1.3343540138113168, -2.3756252137732985, 4.281892805354393, 1.3513832685967893, -0.43913950130508667, -3.256594858051256, -0.979877586712275, -2.352555203056786, 2.331152560483481, 21.143990961617078, 0.5543914464457007, 5.834126411147515, -5.878947953171496, 3.681549803207115, 1.8694127040821023, 1.431155511902521, 1.5471221100182544, 1.3744701173848917, 0.22639676183245394, -0.00885508357853779, 2.008808070537271, -2.572997347106258, -2.2116717333051, 0.6243627599327419, -0.9388969139344394, 2.232461758851964, 3.530144127730701, -0.10467487039755756, 1.8487018687608452, 0.5377842341884265, -1.4389608122554274, 1.590928228035476, 0.4089731584023607, -1.3444333185193342, 2.0346967278525594, 3.6773684676344565, 0.3138774477944067, 2.5430755041659374, 0.9310183577019505, 1.685790404661133, 4.463438023303366, -0.035716035203487206, 3.152709327798019, -1.4217341673337374, -2.215710236293652, -1.1837866216967328, -0.5982093873586051, -4.438287506723176, -6.148711534197619, 0.8015100302197887, 0.9683764629121168, 3.915985890310459, 8.413863016429369, -0.19433978217244846, -0.22087821727305793, -1.727881212072497, -1.1426167879928428, -0.19834480609940128, 3.088089367482476, 1.3890654975779313, -0.597238906085259, 1.189200900043247, 0.02006659767656643, -0.8293627453289238, 0.36928788807403073, -1.2440882499605845, -7.445936839194252, -1.9576678848184557, 2.3858938713403717, 0.13854863627108682, 1.1613979521542823, -2.8837657269945574, 1.982493570438956, -2.3919392212037143, -2.3826580881169273, -2.233951211698958, 0.43381933345762397, 2.0296322671380786, -0.41125337294160863, 6.1367957674797635, 0.9424055402936176, -5.780660519410838, -0.31486814282476433, -6.3287319825215125, -2.820045548530729, -3.1865618085701235, 1.5700986842145772, -1.3112034579735885, -1.0970435345916894, 9.596057599075166, 4.770564554663332, 4.410170842605634, 0.4237248404569175, 2.1361353793470172, -1.7591270700442894, -3.034033748234933], [3.170188028868342, -0.4968027323255801, -0.7783114333962047, -1.2044650881402963, -0.4151844057236423, -3.58498453087082, 1.1604755492207175, 2.0949724488583303, 1.0107632466511405, -0.10992099218733703, 2.14702309310553, 3.8118058830091663, 2.460726539954662, 0.5543914464457007, 30.28964097438584, -1.6637110190630424, -4.964564737247754, 2.6815032903832865, 3.778299079278009, 0.963867703583677, -0.6574406704166815, 2.038846196377587, -0.9057411580311339, 0.13510514279747124, -2.78603383146661, -3.393844652252345, 2.5583610365943614, -3.4010162449628267, -6.287049744931677, 1.5271017539217304, 2.6915547898731376, -1.4282497866625004, -1.3805060310756965, 0.6224902039178769, -1.8290140840258002, -0.5149479703149966, 3.0004691311846816, -1.6100225406265138, 0.3680044750015574, -4.85703594814054, -0.3711907264134196, -1.0562632654154411, 4.243344571153123, -0.17393099953289906, -3.254789607722431, 1.7706774655101098, 0.521101110293648, -0.29841596893194133, 4.905557799058557, 4.171134960486654, 2.2366319561408767, -3.531139229576003, 4.477073480412017, -1.0396000065118884, -3.843415869109096, -2.3237711940049, -3.113739647289988, -0.8266517969533416, 3.0755673553160157, -3.173979258565651, -0.2730106404073179, -6.204602046100152, -3.4497499881796347, 4.432900416467137, 4.0578848719172775, -4.343499442029401, 1.0900146640213042, -4.625134532889592, -2.4255557084845223, 0.5855466020590027, 0.1730279468964186, 4.139233164943531, 0.5870366808720109, -4.578484164018697, 2.900171408615364, -1.3355359695885913, -1.1408491002175292, -0.27531671852461403, -3.7076840516185303, 0.8927620396261509, -6.499782903114911, -1.4843691148209748, -0.13902544780464177, -1.0051072408873607, 0.5186641299683213, 1.6404172557700312, -1.8405675742591991, -1.5850642340833474, -3.8591718155693195, -1.2215531255909828, -2.5365346175233134, 2.231877594068316, 0.49425491365109814, -1.8452807682450962, 0.7761091011321778, 3.132353505424573, -0.3204262802502633, 1.0652678017268997, 3.6855507257473263, -0.4585996508127134], [-1.8571330408185474, -0.7324241814186702, 0.15754955399818005, -1.076211316332322, -1.4424924479357424, 2.425643046605876, 1.2777239460743335, 0.6554561420789434, -2.280849802915855, 1.245223144982168, 0.21939513231006946, -3.390067523682887, 2.074043878220104, 5.834126411147515, -1.6637110190630424, 37.8921400172915, -5.024045984354074, 2.9399068206302936, 3.453508124148193, 0.10935557809589341, 5.962948659692972, 0.008109583108428894, 8.518272357970458, -1.3003268425082166, -6.8130539796272584, 1.047319690497445, -1.878116421369995, 1.7899488550059772, -1.1017165014284693, -5.346823289578209, 0.11500776646773304, -0.3677830550678459, 1.7690215462240768, -2.538468174207836, -1.1162009343317607, 0.7422527102622043, -2.9245107467959404, -3.7623119471041053, -3.9770500906801245, -0.34822383364171294, 6.835754329979942, 3.6805920083794557, -2.043640907814676, 2.5169312115531257, 0.22115262354033582, -0.0662128012309468, 0.8476410669776643, -0.6031164472091649, -0.7190821614435764, 2.0262313633741376, -1.316704372333977, -3.4917585874347, -4.436925473445925, 6.294532901929303, 5.296265959694692, -0.35157294140379836, 6.748138638976889, 1.3198044091916388, 1.061184820873489, -3.3436246766553697, -7.458988585321108, -1.5062358857930769, 1.0251150182381386, -0.9817045649820119, 0.004389154581675316, -7.265261439799695, -0.1702011030260421, -1.947333301305845, 1.4418418232655568, 0.7672889296573131, -7.080543765562849, 4.8026853150362925, 1.4298217013008734, 0.9805155542053605, 1.9856086864341032, -2.226685005237244, 1.7151620873637117, 1.7769038331655636, -0.9116652538550015, -2.19578967553682, 2.804027271424339, -1.2320802000326947, 2.4454477095213885, 5.281100095169511, 1.6972933663978311, 3.9218855339261696, 0.3366450976285102, 5.910034988863604, -5.198524601644792, 3.7665417913394186, -0.09538659270071839, -0.9323483883782575, 0.36046739144191736, 0.6458132345530626, -0.2809561955510203, 3.92907460778104, 1.870965167141921, 1.7630502504644545, 3.280308100338666, -1.2963710637347978], [-4.338702165857295, -0.5979542018693751, -0.5903393105733081, 2.8588135174954963, 3.3902972942035707, 5.882719755322498, -4.313781307807234, -0.6859939508466587, 1.5120990452994008, 2.888032358903123, -1.2281271863376944, 4.222140710783728, -11.555815339865285, -5.878947953171496, -4.964564737247754, -5.024045984354074, 44.47547060184481, -6.025821183306784, 3.3112728391522737, -3.4608751061564207, -1.1222836974152692, 2.4526238434077796, -0.36521563469292806, -2.2448354022204096, -1.1565863486084036, 5.081233555900876, 6.773010379662991, 2.7231333118152574, 1.7473252175733216, -9.559746336817208, -2.8674754822645916, -1.5370042608788588, 0.2617575483083863, 3.827080705120834, 4.81800479947591, -2.7809774604574775, 0.036561083041719886, -2.0566012867110843, 0.29129679724440916, 1.3626853679853006, 0.1539951238404865, 1.8352924826827415, 2.185600359680139, 2.703826486674959, -3.1021460721531424, -2.7145903275843217, 2.9555865505847376, -4.3864494763702835, 2.0711384783578484, 1.2954316734042521, 1.9673015521616841, 10.07363580671968, 1.9377090118561888, -2.2068433593635723, -3.486548512593312, -4.0031475214051495, -2.5898031225147684, 1.9291575052929208, -4.350888949561478, 1.956025285082989, 1.0657139048386823, -1.8309575035488979, -3.5115677793795133, -2.126564028308586, -1.4240773850774913, 4.014884241582213, -1.4513733482938342, 3.1880712035829717, -1.6417058336723458, 2.128944681147634, 0.23991296176548974, 1.1331381743155755, -1.1392893475550492, -0.12789022419105414, 6.881279058466074, -3.0392068122256473, -0.202166768328237, -6.099378616262572, 0.5432027670682261, -2.4455180543678674, 1.268907480237088, -2.222770068881281, -3.8528181904048644, -3.9564052925494098, 1.1989949122541093, 8.180898347244602, 3.2123689331344853, 1.2791459265891199, 0.22074126323876278, 0.7965340988336325, -0.08969677705153128, -5.6930489794675445, -0.91891883699718, -1.7669158208082205, -1.6100396849502008, -5.801313021299519, 1.6345230959135033, -4.52381112738041, 3.1611841920767714, 0.6017901519640596], [0.8858575879715908, 3.5749670914933023, 0.5536916752066233, 2.1968374356224256, -1.902311090413535, -2.676327243037275, -0.81154571905706, 1.004434334751697, 1.9312284830950455, 0.3249416869428871, 2.5917567691721826, 0.8452642356410056, 4.065635515030316, 3.681549803207115, 2.6815032903832865, 2.9399068206302936, -6.025821183306784, 28.42132771357573, 1.9202502980567702, 0.9820812929534252, 1.5978272260816206, 3.186520453215204, 1.6116667115927552, -2.6829193773432674, -1.5024284530127077, -4.0321228910332145, -0.1362290995339746, 2.4658861787991793, -0.7878711822637495, 4.570431281843431, -0.3874174138735796, 2.632915515237398, 3.160474534824515, -0.41483418156823926, -3.3400916591351644, 2.8797317856343856, 0.2941691088411382, -1.1481663617602527, -0.2908212006180476, 1.3358479368145593, -0.886640101869711, 2.2926322778411343, 2.1133389504908346, -2.1691636798099885, -1.3760339269980073, 2.5854776282147216, 0.6325122090065228, 0.08513301916340692, -1.8021878841690617, 0.43839558131670053, 2.6350379716854966, -0.9297921870920263, -5.497043520838258, -0.9389023580419663, 1.0474965694474625, 3.7747988333372886, -2.7776996577089466, 0.014317829364058603, 5.047389419970872, 4.774014399388655, -1.48206286457048, 2.6917604767820413, -3.222577840566934, -0.2843760632941092, 1.5729374139471564, -3.59051472900814, 2.5917252232450045, 1.7758522432851012, 0.7640343832696576, 2.8602931304769843, -6.493418109875321, -2.240376647919282, -0.9875477770236131, 1.201057999497123, -1.436692637378005, -0.3251645748370885, 0.980777410833652, 2.326285011983493, -2.1216017185325398, 0.6119427518744834, -3.1282497361111576, -3.0717709350667337, 0.568868657400912, 6.216120215318488, -2.456582669739894, -2.0881203898551526, 0.41412934767632015, -0.41264861514067014, -2.262099777598854, -2.4827734841780718, 2.3226600311120293, 2.936205115000696, -1.68664923969176, 3.300361699162309, -1.6501123996345706, -0.5213594348623249, 2.7018697743687987, -2.2266416439444443, 0.33038981692043534, 0.06005167130029203], [-2.6988846726909324, -1.5036660275580394, -1.05156624311474, -2.3950802886602833, 0.5681383929251212, -1.8221949021760666, 0.4352486241048381, 2.8506830288055713, -0.8023159340663779, -1.417849974633764, 0.025215526739152744, -0.8296558259348843, 0.7259073158475675, 1.8694127040821023, 3.778299079278009, 3.453508124148193, 3.3112728391522737, 1.9202502980567702, 41.708503228023254, 3.065817559567804, 2.5704837709032393, 2.2892767259238034, 4.98753202399862, -3.7249062493216316, 4.620274887464615, -7.007709897771396, 2.3830656152011924, -4.8889380375796385, -3.0220075188835387, 2.9314626902988388, -1.2985814023785391, -1.7712631481005416, 0.6682324556722553, 6.295025255307061, -5.265258357684693, -2.304071708206946, 6.242280466161906, -0.11597615414654248, 0.30340142714555307, 0.7692959351148376, -0.26536492186822674, -0.3812907085112583, 5.1434019585744295, 1.0842912056678848, -6.944985681506895, 1.5340268328620241, 0.6578230560767577, 3.1621040467435217, 6.4884789813968835, 1.306201661193163, -0.21668714066546407, 0.6434276250059436, 0.13730442748465066, -6.447890110725447, -0.2359062567703514, -6.156064913958979, -2.4534584919633122, -3.1051996611243142, 8.176649516436258, -2.912815892478189, 0.1864233752112118, 2.904817006004306, -5.573897822412908, -5.269343747610875, -1.6494747920025257, -6.92743590869996, 0.467313769875325, 3.140327141558927, -0.7108174341038671, 1.1465998554524044, -2.6641213727194355, -1.001327442404181, 5.335528141432496, 2.6822591865476015, 2.3729982630546926, 3.97292992317229, 0.3934965142914365, -1.1764104984942856, -1.709547453830234, -4.886187926753067, -0.9145443122922825, -2.383655305894792, -4.35994095693206, 2.4201241908693696, 3.4523456701178916, -2.142008702240101, -4.001560417509231, 1.298320516527555, -0.2482644287731649, 8.45966074723366, 0.10839818267051246, -0.6658251586560632, -0.10801806703582556, -1.0573284217533725, -6.170728964169003, 5.206454886098062, 0.8761720830816578, -1.2589707192632489, -1.0057529328325352, -0.6969415005029475], [-3.116411902557407, 0.09269857370450192, -0.9274592690642888, -0.5688837231843848, 1.7683017943600998, -1.155684559954583, -0.8648740426449739, 0.2316504443285696, 2.710527731749982, -1.2232676296046383, 2.4948511800593, -3.270835379633329, -1.3152705939885403, 1.431155511902521, 0.963867703583677, 0.10935557809589341, -3.4608751061564207, 0.9820812929534252, 3.065817559567804, 23.779398949266977, -1.0097483536778418, 1.6243844030534653, 1.2331468400882895, -4.516762528748308, -1.3055839140638115, -3.8741834266118618, 1.0419796161731225, 3.002445798830932, -5.066034003423207, 0.2964222519122748, -1.3767926666454007, 2.136430691072054, 2.157182703434652, -1.6593508106094066, 0.7983734701076872, 6.514633565447403, 3.1137048145719506, -3.986072393573294, -0.3225002475112147, -0.7157624478084943, -2.391377353959917, 0.17180308001338135, 5.291173135101839, -2.885477273849491, -5.58973884778166, -2.4139212803302956, 0.7442649750205076, -1.042851666940578, 2.0083754263161673, 4.254366212310697, 0.605893160467965, -1.4036094493405427, 2.424130879725659, -1.465232088664562, 2.7924131625193924, -0.2722255463311183, -4.503509679455886, 0.33137218717413486, -1.5893703622663093, 0.22942305055866347, 1.9904818357019, 0.7593100812155203, 0.36228763734371977, -0.905233479253016, -0.9665932036012999, -1.7845169755128056, 0.6960406669715213, 0.573742749641008, -2.1496635711467627, -2.928498847377527, -4.367246934288601, -1.7560169437904394, 1.6064993002971772