n: 10
m: 81
H: [[2.8479808689906188, -0.1784614984925262, 2.483069565749271, 0.0, 0.0, 3.9891493353608567, -2.757724853084978, 0.02778908747964534, 0.1885341604573961, -0.026894025303694766], [-0.1784614984925262, 0.916325369520116, 0.0, 0.0, 0.0, 0.0, 1.2553772172341553, -0.19633207092187835, -0.8768203639256331, 0.19532175950821187], [2.483069565749271, 0.0, 5.278837315741041, 0.0, 0.0, 2.1731973106216773, -2.4478007912329023, 0.0, 0.8273625973627344, 0.0], [0.0, 0.0, 0.0, 0.01, 0.0, 0.0, 0.0, 0.0, 0.0, 0.0], [0.0, 0.0, 0.0, 0.0, 0.9413517484099699, 0.0, -1.349158311039817, 0.0, -0.42958702879835103, 0.0], [3.9891493353608567, 0.0, 2.1731973106216773, 0.0, 0.0, 7.145368091348198, -3.523154494202734, 0.0, 0.0, 0.0], [-2.757724853084978, 1.2553772172341553, -2.4478007912329023, 0.0, -1.349158311039817, -3.523154494202734, 7.410264871249023, -0.4628855427358299, 0.6223007700449089, 0.47288622753786247], [0.02778908747964534, -0.19633207092187835, 0.0, 0.0, 0.0, 0.0, -0.4628855427358299, 1.1379142705275478, 0.009052922114508869, -0.07201948340059142], [0.1885341604573961, -0.8768203639256331, 0.8273625973627344, 0.0, -0.42958702879835103, 0.0, 0.6223007700449089, 0.009052922114508869, 5.8591053114722955, 0.0], [-0.026894025303694766, 0.19532175950821187, 0.0, 0.0, 0.0, 0.0, 0.47288622753786247, -0.07201948340059142, 0.0, 0.08357547097548437]]
g: [1.8085432063675289, -1.4130679974822082, 2.523305085099418, 0.34731780090557945, -0.88735951265543, -1.0596172451724628, 0.34795146080345163, -1.558664452881952, -0.9950410264657443, 2.621152518208821]
AI: [[0.0, 0.0, 0.0, 0.0, 0.0, 0.0, 0.0, 0.0, 0.0, 0.0], [-0.6861964229282352, 0.0, -0.2954525659691083, 0.0, 0.0, 0.0, 0.0, 0.0, 0.0, 0.0], [0.0, 0.0, 0.0, 0.055433895426801674, -0.7494902066498905, 0.0, 0.0, 0.0, 1.6694518265283045, 0.0], [0.0, -1.2967198041797319, 0.0, -1.1889919241885842, 0.0, 0.0, 0.0, 0.0, 0.0, 1.3509554954688632], [0.0, 0.0, 0.0, 0.0, 1.6386255736574191, 0.0, 0.0, 0.0, 0.0, 0.0], [0.0, 1.4069539268126687, 0.0, 0.0, 0.0, 0.0, 0.0, 0.0, 0.0, 0.0], [0.0, 0.0, 0.0, 0.9794610010179011, 0.0, 0.0, 0.36275798114036956, 0.0, 0.0, 0.0], [0.0, 0.0, 0.0, 0.0, -1.7589850627863193, 0.0, 0.0, 0.05561496628093736, 0.0, 0.0], [0.22088225858001695, 0.0, -0.43961620235154897, 0.0, 0.0, 0.0, 0.0, 1.3647667345398589, 1.3548179882958258, 0.0], [0.0, 0.0, 0.0, 0.0, 0.0, 0.0, 0.0, 0.0, 0.0, 0.0], [0.0, 0.0, 0.34427065037787674, 0.2962063900951687, 0.6971480618925352, -0.9633081355421593, 0.0, 0.0, 0.0, 0.0], [0.0, 0.0, 0.0, -0.20886669559046003, 0.0, 0.0, 0.0, 0.0, -0.9344650939032605, 0.0], [-0.438172843890455, 0.0, 0.0, 0.0, 0.0, 0.0, 0.0, 0.0, 0.4329595079543438, 0.0], [0.0, 0.0, 0.0, 0.0, 0.0, 0.0, -0.20621965961631336, 0.0, 0.0, 0.0], [0.0, 0.0, 0.0, 0.0, 0.4733199729231119, 0.0, -2.0869158539712482, 1.0830522825275988, -0.1657841236242634, 0.0], [0.0, -0.18764498374928718, 1.7636253496541865, 0.0, 0.0, 0.0, 0.0, 0.11989140827750813, 0.0, -0.19580127637727018], [0.8548421321837113, 1.729584940157357, 0.0, 2.3531747120749467, 0.0, 0.0, 0.0, 0.0, 0.0, 0.0], [-1.5211410712000066, 0.0, 0.0, 0.0, 0.0, 0.0, 0.0, 0.5030237770796838, -2.7586097379011547, 0.0], [0.28143276356040703, -0.9341047356923061, 0.0, 0.0, 0.24269165150941382, 0.0, 0.0, -0.2730979916006682, 0.0, 0.0], [-0.7714002588524693, -0.3408864237925867, 0.0, -0.28959962961254965, 0.0, 0.0, 0.0, 0.0, 0.0, -0.5312274402099882], [0.0, 0.0, 0.0, 0.0, 0.0, 0.5605178328080014, -0.10197468405690324, 0.0, 0.3304259192638187, 2.050158170574666], [1.1234818473016717, 0.0, 0.9864914876202889, 0.0, 0.0, 0.0, 0.0, 1.3046982492352532, 0.0, 1.6175081338076032], [0.0, 0.0, -0.3138204137742432, 0.0, 0.0, 0.0, 0.0, 0.6950159812762866, 0.0, 0.0], [0.0, 0.0, 0.0, 0.0, 0.0, 0.0, -0.5505590689295516, -0.10296416784965488, 0.0, 0.7210112088061318], [0.0, -0.0688080934097005, 0.0, 0.0, 0.0, 0.0, 0.47683236026382925, 0.0, 0.0, 0.0], [0.0, 0.0, 0.0, 0.4583844771119325, 0.0, 0.0, -0.08712186807560099, 0.0, 0.0, 0.0], [0.40722113738052357, 0.022950526444911235, 0.0, 0.0, 0.0, -1.2707125222294369, -0.2964660533855844, 0.0, 0.0, 0.0], [0.0, 0.0, 0.0, 0.0, 0.802565953124269, 0.0, 0.0, 0.0, 0.0, 0.0], [0.0, 0.0, -1.3042758106291312, 1.6557677972539753, 0.0, 1.5192598603976177, 0.0, 0.6635929532459095, 0.0, 0.0], [0.0, 0.0, 0.0, 0.0, 0.0, 0.0, 0.0, 0.9899143681249353, 0.0, -1.8647213870208788], [-1.2945894522814214, 0.0, 0.0, -0.9146349361766963, 0.0, 0.0, 0.0, 0.0, -0.6077258589185928, -1.7764482025456476], [0.0, 0.0, 0.0, 0.0, 0.3002727991587194, 0.0, 2.6191251834089053, 0.0, 0.0, 0.0], [-0.338991286759954, -0.4017706569317789, 0.0, 0.3860030234102317, 0.0, -0.14268551002296231, 0.0, 0.0, 0.0, 0.0], [0.0, 0.0, 0.14577398584417414, 0.2968510468312586, 0.0, 0.0, 0.23610191104749678, 0.0, -0.3101407725977365, -1.239680600823944], [0.0, 0.5372566992443464, -0.5934788149524468, 0.0, 0.0, 0.0, 0.0, -0.4050696914523879, -0.18296753250432093, -0.5506467645583875], [0.0, 0.0, 0.0, 0.0, 0.0, 0.0, 0.0, -0.6508125603629249, 1.040773243675752, 0.0], [-1.3721586722916153, 0.0, 0.0, 0.0, 0.0, 0.0, 0.0, 0.0, 0.0, 0.0], [0.0, 0.0, 0.0, 0.0, 0.3205967081621125, 1.4916138335563238, -1.0768851288892676, 0.0, 0.0, -0.32423852297326766], [0.0, 0.0, 0.0, 0.0, 0.0, 0.5983094200460594, 0.0, 0.0, 0.0, 2.2654847477488835], [0.0, 0.0, 1.3206689378049221, 0.0, 0.0, 0.0, 0.0, 0.0, 0.0, 0.0], [-0.0, -0.0, -0.0, -0.0, -0.0, -0.0, -0.0, -0.0, -0.0, -0.0], [0.6861964229282352, -0.0, 0.2954525659691083, -0.0, -0.0, -0.0, -0.0, -0.0, -0.0, -0.0], [-0.0, -0.0, -0.0, -0.055433895426801674, 0.7494902066498905, -0.0, -0.0, -0.0, -1.6694518265283045, -0.0], [-0.0, 1.2967198041797319, -0.0, 1.1889919241885842, -0.0, -0.0, -0.0, -0.0, -0.0, -1.3509554954688632], [-0.0, -0.0, -0.0, -0.0, -1.6386255736574191, -0.0, -0.0, -0.0, -0.0, -0.0], [-0.0, -1.4069539268126687, -0.0, -0.0, -0.0, -0.0, -0.0, -0.0, -0.0, -0.0], [-0.0, -0.0, -0.0, -0.9794610010179011, -0.0, -0.0, -0.36275798114036956, -0.0, -0.0, -0.0], [-0.0, -0.0, -0.0, -0.0, 1.7589850627863193, -0.0, -0.0, -0.05561496628093736, -0.0, -0.0], [-0.22088225858001695, -0.0, 0.43961620235154897, -0.0, -0.0, -0.0, -0.0, -1.3647667345398589, -1.3548179882958258, -0.0], [-0.0, -0.0, -0.0, -0.0, -0.0, -0.0, -0.0, -0.0, -0.0, -0.0], [-0.0, -0.0, -0.34427065037787674, -0.2962063900951687, -0.6971480618925352, 0.9633081355421593, -0.0, -0.0, -0.0, -0.0], [-0.0, -0.0, -0.0, 0.20886669559046003, -0.0, -0.0, -0.0, -0.0, 0.9344650939032605, -0.0], [0.438172843890455, -0.0, -0.0, -0.0, -0.0, -0.0, -0.0, -0.0, -0.4329595079543438, -0.0], [-0.0, -0.0, -0.0, -0.0, -0.0, -0.0, 0.20621965961631336, -0.0, -0.0, -0.0], [-0.0, -0.0, -0.0, -0.0, -0.4733199729231119, -0.0, 2.0869158539712482, -1.0830522825275988, 0.1657841236242634, -0.0], [-0.0, 0.18764498374928718, -1.7636253496541865, -0.0, -0.0, -0.0, -0.0, -0.11989140827750813, -0.0, 0.19580127637727018], [-0.8548421321837113, -1.729584940157357, -0.0, -2.3531747120749467, -0.0, -0.0, -0.0, -0.0, -0.0, -0.0], [1.5211410712000066, -0.0, -0.0, -0.0, -0.0, -0.0, -0.0, -0.5030237770796838, 2.7586097379011547, -0.0], [-0.28143276356040703, 0.9341047356923061, -0.0, -0.0, -0.24269165150941382, -0.0, -0.0, 0.2730979916006682, -0.0, -0.0], [0.7714002588524693, 0.3408864237925867, -0.0, 0.28959962961254965, -0.0, -0.0, -0.0, -0.0, -0.0, 0.5312274402099882], [-0.0, -0.0, -0.0, -0.0, -0.0, -0.5605178328080014, 0.10197468405690324, -0.0, -0.3304259192638187, -2.050158170574666], [-1.1234818473016717, -0.0, -0.9864914876202889, -0.0, -0.0, -0.0, -0.0, -1.3046982492352532, -0.0, -1.6175081338076032], [-0.0, -0.0, 0.3138204137742432, -0.0, -0.0, -0.0, -0.0, -0.6950159812762866, -0.0, -0.0], [-0.0, -0.0, -0.0, -0.0, -0.0, -0.0, 0.5505590689295516, 0.10296416784965488, -0.0, -0.7210112088061318], [-0.0, 0.0688080934097005, -0.0, -0.0, -0.0, -0.0, -0.47683236026382925, -0.0, -0.0, -0.0], [-0.0, -0.0, -0.0, -0.4583844771119325, -0.0, -0.0, 0.08712186807560099, -0.0, -0.0, -0.0], [-0.40722113738052357, -0.022950526444911235, -0.0, -0.0, -0.0, 1.2707125222294369, 0.2964660533855844, -0.0, -0.0, -0.0], [-0.0, -0.0, -0.0, -0.0, -0.802565953124269, -0.0, -0.0, -0.0, -0.0, -0.0], [-0.0, -0.0, 1.3042758106291312, -1.6557677972539753, -0.0, -1.5192598603976177, -0.0, -0.6635929532459095, -0.0, -0.0], [-0.0, -0.0, -0.0, -0.0, -0.0, -0.0, -0.0, -0.9899143681249353, -0.0, 1.8647213870208788], [1.2945894522814214, -0.0, -0.0, 0.9146349361766963, -0.0, -0.0, -0.0, -0.0, 0.6077258589185928, 1.7764482025456476], [-0.0, -0.0, -0.0, -0.0, -0.3002727991587194, -0.0, -2.6191251834089053, -0.0, -0.0, -0.0], [0.338991286759954, 0.4017706569317789, -0.0, -0.3860030234102317, -0.0, 0.14268551002296231, -0.0, -0.0, -0.0, -0.0], [-0.0, -0.0, -0.14577398584417414, -0.2968510468312586, -0.0, -0.0, -0.23610191104749678, -0.0, 0.3101407725977365, 1.239680600823944], [-0.0, -0.5372566992443464, 0.5934788149524468, -0.0, -0.0, -0.0, -0.0, 0.4050696914523879, 0.18296753250432093, 0.5506467645583875], [-0.0, -0.0, -0.0, -0.0, -0.0, -0.0, -0.0, 0.6508125603629249, -1.040773243675752, -0.0], [1.3721586722916153, -0.0, -0.0, -0.0, -0.0, -0.0, -0.0, -0.0, -0.0, -0.0], [-0.0, -0.0, -0.0, -0.0, -0.3205967081621125, -1.4916138335563238, 1.0768851288892676, -0.0, -0.0, 0.32423852297326766], [-0.0, -0.0, -0.0, -0.0, -0.0, -0.5983094200460594, -0.0, -0.0, -0.0, -2.2654847477488835], [-0.0, -0.0, -1.3206689378049221, -0.0, -0.0, -0.0, -0.0, -0.0, -0.0, -0.0]]
bI: [-0.7620668019798759, -0.8398874811543805, -0.10495741202168796, -0.5106313083459157, -0.6454886627441757, -0.1530668142526591, -0.0017596491043597728, -0.9670457532300503, -0.8078665332650923, -0.27406758936347153, -0.27908960707212593, -0.12067964142197818, -0.48068826499085704, -0.9323019787625625, -0.9149274257682686, -0.24387509597581103, -0.3948582964158739, -0.970239530226589, -0.2756196336037614, -0.9378494408664138, -0.7690121570235064, -0.8847186881060606, -0.8710049752440003, -0.14647095922681508, -0.7891887879251763, -0.9092222456715098, -0.838170548530705, -0.7120311863871623, -0.3073794185374644, -0.35378455477098936, -0.2363533952237783, -0.08981163906322553, -0.19447817432203818, -0.6158078753671168, -0.9320836755651093, -0.6910839497831097, -0.5628470467042563, -0.26375579541254224, -0.5271468808849665, -0.8043829147090844, -0.1077305483073121, -0.6908948413209463, -0.8643902277329307, -0.24907334815581272, -0.4731667784629242, -0.2152614192395259, -0.5700738971434277, -0.16115341238647396, -0.46264597457637047, -0.7495760668498257, -0.9411059885592262, -0.9080507150923524, -0.8258000568585536, -0.5607456494017247, -0.18906577492489418, -0.08959787639366534, -0.4239092879880123, -0.7088455702196508, -0.34821362821878443, -0.36207929924443194, -0.4964252602826694, -0.03444728437820377, -0.19330885038950973, -0.07148064359638284, -0.38606487333556205, -0.017996083656898754, -0.28501204415467385, -0.9913407285827089, -0.7118544190061888, -0.1586013424981788, -0.5568229129726526, -0.8269502765233964, -0.8854728877737365, -0.20211940397876926, -0.3510948485543862, -0.49825400185300395, -0.7143597917678348, -0.36330417151460837, -0.6316580946697765, -0.46046145664774807]
AE: [[-0.7328470090862047, 0.3662977637124375, 1.0735790015736915, -0.38995874479351383, -0.5166988755047357, 0.24802861537793203, 0.2459683018165671, 0.6273286533210185, -0.564253290726441, 2.2977768277217185]]
bE: [-0.5238698831262817]
