n: 50
m: 401
H: [[9.50197689846574, -1.9217638581015446, -1.0945665938038498, 1.9068027735797286, 1.887402205104908, 1.1334057762330814, -0.2204830076664399, 1.0540061457424719, -0.05659250302227738, -0.3487287819704893, 0.1936849033091627, -1.0531584953544506, 1.4414884766454468, 0.8979750732656026, -1.4500168726697802, -1.7294157695056531, -0.3938209639767746, -1.7656149457554395, -0.16511280481702698, 0.5611558438879257, 0.0, -0.4073125522711775, 0.3217756641493902, -0.24298041988609487, -1.8640947090010933, 2.260838959830308, 0.6713887849185706, 0.47949714447082037, 1.420643307524733, -1.4005448703197136, -0.2705041865410335, 2.148594928040672, 0.8099118473390975, 3.515316460640654, -5.577615925901609, 1.6654021418294143, 0.27036448905099314, 0.08112848134230383, -1.288803701534119, 0.6247158305547232, 0.09333952790810271, 0.7699299217413067, -1.2145321998713605, 1.6495699033870164, 0.0, -5.3145677559578575, 1.0031775925133364, 0.1514098743740794, 0.0, -0.6395397587024304], [-1.9217638581015446, 8.040188461253706, 2.585809916829213, -0.005323941604327902, -3.916357533547419, 1.2689304738897815, 0.15921262667840283, 0.6969721193771604, -0.23235460788816767, 4.119898656960412, -0.012672537846186091, -0.8803017642614588, 0.0, -0.0615162568537721, 1.593449572219527, 1.6847220032047898, -0.7565132425837857, 2.236698492309185, -0.0006174541520243932, -0.2775523283409498, 2.3585906108809382, -0.09948580108671834, 0.0, -0.7025074846865912, -1.3857750680961596, -0.5339511988557064, -1.2513002486003775, -0.11927752058005017, 2.3689260199392423, 0.2808400822385773, 0.39145589354234783, 0.10428259539045785, -0.6447729383898266, -1.0019098270780107, -0.47998488514545035, 0.12327109104058276, -0.09741235145973617, -0.1397268897075375, 0.008877312821971668, 0.862025014403524, 2.4244222127360673, 0.16755167061567958, 0.046591783696466826, -0.46040118702555843, 3.429534997523288, 0.1464197066554626, 0.3040532862232495, -0.048519211359930946, 1.5572342340044762, -0.9206891834002312], [-1.0945665938038498, 2.585809916829213, 19.950491198253545, 0.8432395438427106, -4.280965589949705, -0.9293603656917401, 1.7356404189320886, -0.5502577568479208, -0.7177187807806633, 3.2098232585545743, 0.606318482434765, 1.6295774096639595, -0.7727822518787151, 0.14134576330216472, 0.1965730817522856, -0.028312435798617315, -2.666543534918824, -2.5619410976066925, -0.9668583849404742, -3.275809106159059, 3.634808784852459, -0.2803143168791815, 2.649858322754145, -1.3016165874725805, 0.9804904647394618, 1.9444928566156916, 0.846796833469172, 5.186125575207341, -1.360974728577524, 2.853016846859844, -0.040970016747447734, 1.9857098860064843, 0.008824446763667311, -2.7069114318140484, -0.23822780998865115, -0.19342876906706702, -0.794218448737529, -1.4870960604715944, -2.749464207728914, -1.3150339269688929, 7.812178207945934, 0.1465584084744669, -0.8125962691302888, -2.053346928847443, -0.4639295689990991, 1.6839567207598167, 0.3539257383703184, -0.14855015877672786, 4.195674470954116, -4.0170683739278035], [1.9068027735797286, -0.005323941604327902, 0.8432395438427106, 5.342826477059531, 2.790087300022423, -0.2378241566420806, 0.28095320125697804, 0.890834806863786, -0.12396686811200998, -1.3314136658386513, 0.43284893668199537, 0.15635137536274935, 1.099124677771455, 0.015077434618694464, 0.16350766427506888, -0.8169018115408996, -0.24108984983935544, -0.520676496630869, 0.0, 0.7698001226029201, 1.0955312970805529, 1.0881842142588625, -1.28883640729506, -0.9888705138864956, 0.29614996022274465, -0.5058480482071549, 0.47016293770517276, 1.6100672029444183, -0.15758186729602133, -1.2455930387028429, 0.0, 1.265158511990077, 0.21122833020450865, -1.207296487858453, -2.1536835873745184, 0.0058619087037181964, -0.9393009880781242, -0.2747303782410114, -0.1549128186786993, 0.04866073125269624, 1.0963384009038695, -0.6367313887916538, 0.8113866037201626, 3.814337461895283, -0.6468828985814139, -1.878419700510492, -0.4014407417046327, -0.7023963330748787, 1.1049138084940502, 3.591928913674722], [1.887402205104908, -3.916357533547419, -4.280965589949705, 2.790087300022423, 22.78057588402802, 0.29438029333836974, 2.000248042646243, 0.0, -0.9303547337611392, -8.895408720238644, 2.2146081680445717, 0.8210734912400152, -0.16685653357836105, 0.03481949251060576, -0.4392167641091331, 1.8712846959001292, 0.26884380148736087, 4.1411000073215725, 1.194546686141128, 0.3284002975567823, 4.019783408298401, -0.5857857074718167, -9.59316842020746, -0.3636690992042798, 2.278486723642131, 0.49413344790695357, 2.1822070605837136, 1.42981348001369, 1.4837460265715718, 1.3653722315659123, -0.11587276302778943, -1.0929099324151872, 0.40825994829143153, 4.332889503257389, -0.302537633819967, -0.01756266626365356, -2.8997650330279576, 1.1983436536843979, 0.2878531410862106, -0.7630623458979516, 0.8172271374508863, 0.16065780584986686, -0.10125498366722942, -0.373866050191423, -1.0432803947046507, -0.13125566876988481, -4.885557760630076, -2.7048220628928505, 0.40403933565924594, 7.365769813588052], [1.1334057762330814, 1.2689304738897815, -0.9293603656917401, -0.2378241566420806, 0.29438029333836974, 8.432567394238955, 1.0707701660000548, 1.4548787051506646, 0.6372918520236137, -0.8068083943979327, -1.7005392281541445, -0.4739256332370974, -1.1255162687296936, 1.0243442479953773, 0.21582830402257325, -0.0011374744542024145, 0.50965773219057, 0.06808307057151314, 0.0, 3.167325943211615, 0.26596593208001096, 0.8988540431485639, -0.2662439417539907, 0.6752069903726761, -3.0254740923973693, 1.6438980462277175, 0.006850545243379054, -0.45993907153728336, 2.1641169217195766, 0.22674775490467802, 0.6462690753643313, 0.18793702829530595, -1.1167907711786862, 1.3510915468009324, 0.33834979333306425, -0.0678250185685283, 0.04626295368851735, 0.778966483866372, 2.3832759907956125, -0.9754981916909219, -0.32399854861493155, -0.40915661823056704, 0.0, -4.2580569617236845, 0.8479574835792374, 1.043625411172302, -1.2883055886807646, 0.3896262301867089, -0.8537846592788989, -0.547685869441407], [-0.2204830076664399, 0.15921262667840283, 1.7356404189320886, 0.28095320125697804, 2.000248042646243, 1.0707701660000548, 3.7131008930797047, 0.0702896003616194, 0.08992075692687466, -0.6557103696558109, 0.18377667784855145, -0.8007507420522598, -0.16892399694232868, -1.3906835708353054, 0.8173653386674974, 0.0, 0.5284491389506711, 1.4573757927832094, 0.7201405336698279, 0.1645112374714152, 0.5913046419875684, 0.1081588451445994, -1.9778038096385135, 0.34238940262010886, -0.5407651095969109, 2.892710256250726, 0.5300608439714422, -0.8834648516446768, 0.21884746662070315, 0.5432543889922, 2.9534805365447454, 0.16686459666469938, 0.0, 0.9035084678964496, -0.11565865762609161, 0.2851191837758839, 0.3144134502817691, -0.484580539812788, 0.857920896354403, -0.7742457438523486, -0.4071009363248318, 0.0, 0.0, -0.6416588898959927, -0.02543398720489056, 1.7862794741295023, -1.474265132305093, -0.2605641086801394, -0.4556860465595817, 0.6340961030825728], [1.0540061457424719, 0.6969721193771604, -0.5502577568479208, 0.890834806863786, 0.0, 1.4548787051506646, 0.0702896003616194, 16.28109928017425, 0.1702528221338957, 1.2019584340414273, -0.1052837756930103, 2.3516042329260456, 0.33734594695978976, 1.4269245997105533, 1.5797167717308032, 0.711991674916609, 1.7226454298742038, -0.2150893341002218, -3.199183908899222, 4.398136920118882, 0.0, 2.577528867746413, 0.023598981686484798, 2.3070911447893345, -5.2370916820923865, -0.5284602893502713, 0.5239889212992616, 0.6850973378945495, -1.0759864329456015, -0.9677521530869441, -0.1524742250785336, -0.03305960324517696, -1.9067164591502133, 0.4906455937789831, 3.230456544577212, -0.8117778115270644, -0.7877008250070935, -0.07257546941360955, -6.010086027381975, 0.46147913528931467, -0.43177148583074376, 1.7220532653017924, 0.2270441178074664, -2.286584553989847, -1.4885686067057788, -5.82111682471786, 0.3198013176709733, -0.8728007365124136, 0.8231768454766, 1.8654267302782337], [-0.05659250302227738, -0.23235460788816767, -0.7177187807806633, -0.12396686811200998, -0.9303547337611392, 0.6372918520236137, 0.08992075692687466, 0.1702528221338957, 8.092991375052184, 0.5340263089366016, -1.6954026169932115, -1.0550677943964568, -0.010714535276511967, 1.1580459800177223, 5.151727565234574, 1.5527217414964043, 0.697532035487842, -2.2862840564262705, -0.7759928338483728, 0.06695955929996948, 0.5157616649946855, -0.7206787740584607, 1.4311441859481837, -0.44466386175679556, -1.3089857427310068, -1.5874273965504342, -0.42746429790124707, 1.116757146438302, -2.5189285524931475, -2.394153435170902, 0.36965217998424393, 1.8372615279734477, -0.4720361933771646, 0.04087641467253891, -1.8748960904823087, 1.03325005311169, 3.2765438699020417, 0.9465031002642886, 0.8220557607373395, 0.02195389562030605, 1.850013987217027, -1.617128618837628, 0.4306714642311036, 2.734203942820261, 1.3110623232346532, -1.214594599905752, -2.8550075767932594, -0.8780671039111261, -1.904663268357284, 2.530467663975055], [-0.3487287819704893, 4.119898656960412, 3.2098232585545743, -1.3314136658386513, -8.895408720238644, -0.8068083943979327, -0.6557103696558109, 1.2019584340414273, 0.5340263089366016, 17.57000100968021, -2.208590272088519, -1.546607684083151, -1.9869988406908858, -3.155067225130927, 2.1955732000230563, 1.0762526546582245, 0.8276067013830307, -0.32275924835800246, -1.1583305927836087, -0.458094436945474, 1.9613788612558727, 2.6487568607506673, 1.9371244602005468, 2.954066258990596, 2.2284236639790254, 0.9279138563588117, -1.1659337209142382, -1.0224826350386966, 2.5315796113562947, 1.03614149168913, 0.0018295301543614772, 2.296194651919587, -1.48635795910059, -2.20123998024432, 0.6346605115469999, -0.6845474883426311, 1.1055690243587433, -0.6651864833905579, -1.3406446000808931, -0.5000338137292545, 0.8473585890469504, 0.7191126666142699, 0.0, -2.613173656928286, 0.8940474379286601, 1.7565955792893286, 1.3569007462391574, -0.0411746847809642, -3.2886484659395423, -2.2880186301089784], [0.1936849033091627, -0.012672537846186091, 0.606318482434765, 0.43284893668199537, 2.2146081680445717, -1.7005392281541445, 0.18377667784855145, -0.1052837756930103, -1.6954026169932115, -2.208590272088519, 13.508765952644504, 0.02906289155833512, 0.8733753252147729, -1.9749044558803375, -1.6399926834292282, 1.2589279774853068, -0.6971205008909954, -0.22858070415402765, 1.1732881598741514, 0.31274424272902607, 0.5153071802295264, 0.8243693412778182, 5.245939639458456, -1.4780927266456443, 3.0322967703526698, -0.3587601255598792, -0.15086815726887814, -0.3553348778067169, -0.5496507786888202, -1.2524424779954653, -0.4047046671579678, -1.5841340643424424, 1.0721382354430378, -2.8103350929577116, -0.2975635167487802, -2.755255509990368, 0.5403499365434894, 2.6090216170092266, -2.5947625874609677, 0.31479198637192424, 0.2753144508396532, 1.0150741586653107, 1.6342737582031042, 1.174384737499558, 4.261220223011136, 0.0, 0.6123604888228933, 0.20965213334586674, 0.9739166444534486, -2.8129280450731704], [-1.0531584953544506, -0.8803017642614588, 1.6295774096639595, 0.15635137536274935, 0.8210734912400152, -0.4739256332370974, -0.8007507420522598, 2.3516042329260456, -1.0550677943964568, -1.546607684083151, 0.02906289155833512, 13.842062319778941, -1.2062394616377878, 3.2393157760376963, -1.6031201975456715, 1.365852931308355, 0.2354761962563368, 0.290531786138762, -3.274960689289547, 2.155992749941508, 0.5180537509538405, -0.8811059384015141, 0.7360878020139472, 1.9612670619995052, -2.0493682098617785, -1.4724192581330267, 0.530000625269352, 1.0746959413094348, -1.910789582048157, 1.5014495687327738, -2.651791398095288, 1.079032035486541, 0.23447445487545032, -1.1617630422151866, -0.5934020212443759, 1.4753645430722857, -1.786360365516082, 3.0070397491385794, 1.2630001806222209, -0.14171163856629923, 4.423370397248043, -0.5400353745088976, -0.11048917798626097, 3.084816597742343, -0.4151595787459402, 1.8285849833593677, 0.7013726040355773, -0.7749875169149207, 2.5287100888634537, 1.0208673317509156], [1.4414884766454468, 0.0, -0.7727822518787151, 1.099124677771455, -0.16685653357836105, -1.1255162687296936, -0.16892399694232868, 0.33734594695978976, -0.010714535276511967, -1.9869988406908858, 0.8733753252147729, -1.2062394616377878, 7.578338601536359, 0.8027958993032361, 0.4385044270941053, -0.1837227912366366, 1.6088179130683966, -0.30815961137823, 0.161161505432444, -0.5134545553544783, -0.5322004526377038, -0.24295985029104178, -0.4594439883195497, 1.1237295085910126, -1.2661314248551787, 0.2134937377739298, 0.0, 1.5158426516429988, -1.3483096465400086, -0.8303741190598846, -1.5489102423297785, -0.8742372556648521, 1.5563930946792432, -1.469807815922817, -0.8078563616636225, 0.026909343016539328, 1.8511381749402207, 1.6498922140831427, 0.11505818355055673, 0.13161133940223882, 0.17028992988341754, 3.268637561835068, -0.673333488474676, 3.422553732003813, -0.4738725968676214, -2.0721721194480613, 0.12495799857309431, 1.4650191529436636, -0.9527354696382649, 0.34625045332227117], [0.8979750732656026, -0.0615162568537721, 0.14134576330216472, 0.015077434618694464, 0.03481949251060576, 1.0243442479953773, -1.3906835708353054, 1.4269245997105533, 1.1580459800177223, -3.155067225130927, -1.9749044558803375, 3.2393157760376963, 0.8027958993032361, 5.945123230388723, 0.34683515263637904, -0.3381715814635305, -0.4821110044283293, -0.6564503800113494, -0.804466401789934, 0.7732750306567842, -0.46423080514063814, -0.5944953745763459, 0.26831738629700336, -1.4921083620116165, -4.9683314352148775, 0.7089596563074859, 0.5353155008970586, 1.6201573770039182, -1.071477506264745, 0.14496107102472003, -4.4534650260078195, -0.6235540600844439, 0.5743047976460552, -0.5811289628351354, 0.09954031366253165, 1.4382395814927036, -1.1443844477066005, 1.1264114873174598, -0.09096383740283089, -0.005766449536698078, 2.346346957461176, -0.9972584095689888, -0.06537223272193522, -0.3714258822612795, 0.41430457699576784, -0.7591330322263449, 1.6876925170974275, 0.06670684182138135, 1.7171317968266315, 1.7749986312953443], [-1.4500168726697802, 1.593449572219527, 0.1965730817522856, 0.16350766427506888, -0.4392167641091331, 0.21582830402257325, 0.8173653386674974, 1.5797167717308032, 5.151727565234574, 2.1955732000230563, -1.6399926834292282, -1.6031201975456715, 0.4385044270941053, 0.34683515263637904, 11.350853908500177, 1.132814842890674, 3.2203365234674677, -0.6019933718439036, 1.2220434034541268, -1.0141719422340516, 0.8337682284387057, 0.849052102982721, 0.4616699682855697, 0.21344504531000055, -1.5812923382380948, -1.613145672003749, -0.3207916200348885, 0.0080783225100086, 1.9633998930143284, -1.461495720944497, 0.4027692914495942, 1.5926691905556867, -0.5846845295981554, -3.5418066159970554, -0.4748525987619363, 0.9969561955758449, 3.944658159063507, 0.7012869935845588, 0.40395115903654455, -1.3711953347298635, 1.2122799274476501, -0.39793158031181, -0.21354038181219018, 0.6912781073356401, 0.8301139935398428, -2.098065458868546, -2.1804431069908525, -1.2281594902716535, -4.282778260088151, 2.869938951578342], [-1.7294157695056531, 1.6847220032047898, -0.028312435798617315, -0.8169018115408996, 1.8712846959001292, -0.0011374744542024145, 0.0, 0.711991674916609, 1.5527217414964043, 1.0762526546582245, 1.2589279774853068, 1.365852931308355, -0.1837227912366366, -0.3381715814635305, 1.132814842890674, 14.191168007250546, 0.4590440844996995, 3.56118794703651, -6.812878040502618, 0.5303510868590419, 0.979473803105854, 0.07488800477798324, 0.005001422909338666, 3.6681967905773716, 0.9220562324473657, 0.8433750723708711, -0.5290705000126129, 1.2944251272159253, 0.8991871515094885, 0.7307862333014267, -1.3125682024213958, -0.9371841578999248, -1.001445923590738, -0.009864349196117946, -2.104035871367135, -1.7167854564847074, 3.7261615909600536, 0.0, 0.1792993809852401, -0.06068105373146665, 7.7503241218912295, -0.19728658824643103, 0.1648957014524638, -1.3106209109229285, 0.21641218611259228, 2.814171341801612, 2.0039058372230265, 0.016937078062495534, -0.5671396373642107, -2.525147639059888], [-0.3938209639767746, -0.7565132425837857, -2.666543534918824, -0.24108984983935544, 0.26884380148736087, 0.50965773219057, 0.5284491389506711, 1.7226454298742038, 0.697532035487842, 0.8276067013830307, -0.6971205008909954, 0.2354761962563368, 1.6088179130683966, -0.4821110044283293, 3.2203365234674677, 0.4590440844996995, 14.090880084709717, -0.33429721973674054, 0.15523374091125997, 0.7687971957630663, 1.7453379374737716, 1.3676910119941386, 0.4119459246699601, -0.5870079055547452, 0.40826479379081726, 1.4557220789789704, -0.12827398518429764, -5.059086533828413, -0.02269013716447816, -1.5305806452873607, 0.0020660965376703153, 3.2154149139852484, -0.6508729299924425, -3.253120367057043, 1.5900973246117882, -1.4485426324599708, 3.1661812337301085, 1.9972099428508374, -5.010978221446034, -2.542055037587019, -2.7988689441468124, 0.21460063551650063, -1.2207898352057243, 0.408152594011321, -0.7319589914746671, -3.2504857048430362, 0.19050415311402047, 0.8717861781641822, -4.940392038891547, 5.361007473025711], [-1.7656149457554395, 2.236698492309185, -2.5619410976066925, -0.520676496630869, 4.1411000073215725, 0.06808307057151314, 1.4573757927832094, -0.2150893341002218, -2.2862840564262705, -0.32275924835800246, -0.22858070415402765, 0.290531786138762, -0.30815961137823, -0.6564503800113494, -0.6019933718439036, 3.56118794703651, -0.33429721973674054, 24.10216361890725, 2.2066142824907984, 1.8741034946401913, -0.3853167884437809, -1.2964318629592613, -2.544278051040229, 1.255519281026444, -1.6632111776327356, 2.2741277367761223, 0.0, -0.07477063246549304, -0.688830220789486, -0.7796660949771694, 0.2933824422688652, -0.6629823898800353, -0.8262514034411886, 2.3642759096430632, 2.1030925154462223, -1.3122821206130346, 2.652492706212364, 4.102097511590823, 0.12354117688881103, -1.574075984703886, 7.448896183110353, -0.38240075837451565, -1.6333600689002012, -3.729118770543343, 0.3916456079801201, 1.533120294269116, -7.222309650131003, -1.1528773909820158, 2.580028267954571, 0.6137189912233041], [-0.16511280481702698, -0.0006174541520243932, -0.9668583849404742, 0.0, 1.194546686141128, 0.0, 0.7201405336698279, -3.199183908899222, -0.7759928338483728, -1.1583305927836087, 1.1732881598741514, -3.274960689289547, 0.161161505432444, -0.804466401789934, 1.2220434034541268, -6.812878040502618, 0.15523374091125997, 2.2066142824907984, 12.315763083925576, -2.5488313038315673, 0.0, -0.1798387998542618, -2.053042951479041, -4.18010335038254, 0.0, -0.8785473149913914, -1.0597960737957557, -0.2514055345126369, 0.35147730994473725, -0.7370206867175456, 0.7953944100096196, -0.7694695950148676, 0.8401067461653123, -0.30954400457741416, 2.6434370987904994, -1.5002926231076557, 1.8209590176296089, 0.8594020603701074, 2.7314907199854552, 0.3141160009311489, -7.539896569700568, -0.16016022406406544, 0.07170858599634874, 0.550238394330439, 4.337218616120333, -0.583954834828385, -5.390430627402418, 0.0, -0.01940364548998699, -1.964699526693136], [0.5611558438879257, -0.2775523283409498, -3.275809106159059, 0.7698001226029201, 0.3284002975567823, 3.167325943211615, 0.1645112374714152, 4.398136920118882, 0.06695955929996948, -0.458094436945474, 0.31274424272902607, 2.155992749941508, -0.5134545553544783, 0.7732750306567842, -1.0141719422340516, 0.5303510868590419, 0.7687971957630663, 1.8741034946401913, -2.5488313038315673, 11.1252095654037, -0.7649102891721143, 1.3039027605917257, 1.9834928610468667, 0.23195689508223832, -3.59502263721525, 0.7484090219468781, 0.9538602194190225, 1.1331968172190459, 0.698178614736463, -0.7378239373867551, 0.07892809368738664, 1.1541816396817863, -0.7364297449336928, 0.05220637324182568, 0.6277480870866424, 0.8005875998470106, -2.7898365744684743, -0.05129401261853898, 0.8812570145154424, 0.7447846022774635, 1.1857926288264866, 0.2506994544271437, -0.20505116946509436, -4.008109121594984, -2.010031951125022, -1.1962426835709947, -1.0464252921287513, -1.8221586447208575, -0.6969517781060149, 1.2163927274832882], [0.0, 2.3585906108809382, 3.634808784852459, 1.0955312970805529, 4.019783408298401, 0.26596593208001096, 0.5913046419875684, 0.0, 0.5157616649946855, 1.9613788612558727, 0.5153071802295264, 0.5180537509538405, -0.5322004526377038, -0.46423080514063814, 0.8337682284387057, 0.979473803105854, 1.7453379374737716, -0.3853167884437809, 0.0, -0.7649102891721143, 6.923184391978824, 0.0, -2.444620323786499, 0.6875966739708228, -0.2079352113906462, 0.7502624513771042, 0.8381264835292962, -0.31677017665811963, 0.4298308254527236, 0.20618837497673928, 0.13764064263948309, 0.9230753490940953, -0.5122778619065795, 0.0, -0.5022827443517031, 0.0, -0.43590768179664124, 0.0, 0.6205130833678246, -0.35785265595615634, -0.21501367963726195, -0.4291297268968293, 0.10400263866944197, 0.5226260743475939, 2.9816512543459703, 0.06526163373064238, -0.6051103437583476, -1.6487851033499947, 0.0, 2.9721047624038723], [-0.4073125522711775, -0.09948580108671834, -0.2803143168791815, 1.0881842142588625, -0.5857857074718167, 0.8988540431485639, 0.1081588451445994, 2.577528867746413, -0.7206787740584607, 2.6487568607506673, 0.8243693412778182, -0.8811059384015141, -0.24295985029104178, -0.5944953745763459, 0.849052102982721, 0.07488800477798324, 1.3676910119941386, -1.2964318629592613, -0.1798387998542618, 1.3039027605917257, 0.0, 3.7331492910518325, 0.5557056840545299, 0.5689701044578681, -0.3387902225494414, 0.4060109749506715, 0.35942924877496746, -0.2726366024709554, 0.4487475179461352, 0.13007839926823905, 0.004680869039286436, 0.40422885251616486, -0.2695124612561569, -2.63563986602567, 1.4204816162744367, -2.1629295464553726, -0.3263978135777748, -0.084401850131156, -0.6082835396493855, -1.77749931426807, -0.9866496159372469, 0.01489174721976346, 0.10013806180087174, -1.7300936116086005, -0.18219332033674918, 0.6455303626599181, 1.3473922894677424, 0.0, -1.1883475568291584, 2.1323432740618817], [0.3217756641493902, 0.0, 2.649858322754145, -1.28883640729506, -9.59316842020746, -0.2662439417539907, -1.9778038096385135, 0.023598981686484798, 1.4311441859481837, 1.9371244602005468, 5.245939639458456, 0.7360878020139472, -0.4594439883195497, 0.26831738629700336, 0.4616699682855697, 0.005001422909338666, 0.4119459246699601, -2.544278051040229, -2.053042951479041, 1.9834928610468667, -2.444620323786499, 0.5557056840545299, 13.91993963694727, -0.8986755052469061, -0.4501758905978729, 0.26757037414773455, -1.0604540827154996, 0.0, -0.9295565204644823, -2.2628039645488833, -0.12444705762617975, 0.8489844945001565, -0.3799282668453217, -1.2533524370547255, 0.6264389223540847, 0.06781127392584217, 3.3920384663999767, 0.5666275805548531, -1.7650272107397738, 2.564048301041619, 3.9536778701029927, 0.0, 0.5581713578069928, -0.22253525676138483, 1.6366467205650377, -0.4335533501921773, 3.1155649883840932, 0.8821412889805192, 1.0011284278941635, -3.2154895504276135], [-0.24298041988609487, -0.7025074846865912, -1.3016165874725805, -0.9888705138864956, -0.3636690992042798, 0.6752069903726761, 0.34238940262010886, 2.3070911447893345, -0.44466386175679556, 2.954066258990596, -1.4780927266456443, 1.9612670619995052, 1.1237295085910126, -1.4921083620116165, 0.21344504531000055, 3.6681967905773716, -0.5870079055547452, 1.255519281026444, -4.18010335038254, 0.23195689508223832, 0.6875966739708228, 0.5689701044578681, -0.8986755052469061, 16.05907095111402, -1.9159501206201592, 0.7096494749577239, 0.9846533104582353, -0.5521813189756156, -1.7122864618283982, 1.4178202163445153, 0.3638414535542457, -1.2954248479525317, -1.6714725102880152, -1.5842872369717327, -0.8153674053083075, -1.3816343407254155, 1.0010729571979895, -0.39327467338315514, 3.014951586219477, -1.5495223820879278, -1.2437751395649088, 1.7691371160732066, 0.0, -3.2767280629147666, -1.5158680493601453, -0.2628146532019922, -0.01652640468094428, -0.8229924779613873, -3.1918674006527312, -1.6131351728663526], [-1.8640947090010933, -1.3857750680961596, 0.9804904647394618, 0.29614996022274465, 2.278486723642131, -3.0254740923973693, -0.5407651095969109, -5.2370916820923865, -1.3089857427310068, 2.2284236639790254, 3.0322967703526698, -2.0493682098617785, -1.2661314248551787, -4.9683314352148775, -1.5812923382380948, 0.9220562324473657, 0.40826479379081726, -1.6632111776327356, 0.0, -3.59502263721525, -0.2079352113906462, -0.3387902225494414, -0.4501758905978729, -1.9159501206201592, 17.355240338754847, -0.8391402394607254, -1.0182601874751953, -0.8561564566014588, 2.961995019002437, -0.7948398605709134, -1.1261765926579947, 2.5944857313736844, -0.0050541847412507775, 0.8860863753532972, -0.6913642378314887, -3.1644214665806474, 0.07514628810566915, 0.9516782672727084, 0.1263092325650365, 1.962139939507442, -1.4472627286928488, 0.49928434236815783, -0.6871502490839405, 1.4150233763846127, 0.9669199599099033, 0.14483253290010104, 0.2463647308419743, 2.1059572301331513, -2.07332908166716, -4.1214990838700505], [2.260838959830308, -0.5339511988557064, 1.9444928566156916, -0.5058480482071549, 0.49413344790695357, 1.6438980462277175, 2.892710256250726, -0.5284602893502713, -1.5874273965504342, 0.9279138563588117, -0.3587601255598792, -1.4724192581330267, 0.2134937377739298, 0.7089596563074859, -1.613145672003749, 0.8433750723708711, 1.4557220789789704, 2.2741277367761223, -0.8785473149913914, 0.7484090219468781, 0.7502624513771042, 0.4060109749506715, 0.26757037414773455, 0.7096494749577239, -0.8391402394607254, 12.302891269362952, 1.1528195138760973, -0.9289420557181058, -0.35837129413884405, 1.017882203062318, -0.25139745313810063, -1.3166320496650863, 0.036897173761339525, 1.1750134003060193, 1.445700500666548, 0.0, 0.4213894409449658, -0.571195913693894, 1.6153489494318203, 0.3312555897486094, -0.21885883097229236, 1.9308981658025512, -0.19378162179997396, -2.661197669625909, 2.1134593699261672, 2.517179312814358, 0.9409135309195406, -0.009225518284777905, -2.3596647247560996, 0.6628338131500559], [0.6713887849185706, -1.2513002486003775, 0.846796833469172, 0.47016293770517276, 2.1822070605837136, 0.006850545243379054, 0.5300608439714422, 0.5239889212992616, -0.42746429790124707, -1.1659337209142382, -0.15086815726887814, 0.530000625269352, 0.0, 0.5353155008970586, -0.3207916200348885, -0.5290705000126129, -0.12827398518429764, 0.0, -1.0597960737957557, 0.9538602194190225, 0.8381264835292962, 0.35942924877496746, -1.0604540827154996, 0.9846533104582353, -1.0182601874751953, 1.1528195138760973, 3.030319299071531, -0.27552358393541454, -1.6913342156866606, -0.10676670614214501, 0.4803862442178448, 0.004182233430266773, 0.0, -0.16803858583525857, -0.22572734826580781, -0.11813755992595472, -2.447718866581173, 0.0, -0.38202718288279003, -2.181546448287417, 0.57835103941776, 0.0, 0.013531364140894609, -1.1874295893495628, -1.6588074151091416, 0.04044179189696829, -0.04149938334960477, -1.4182611228874746, -1.1655672906101597, 2.7904745207866215], [0.47949714447082037, -0.11927752058005017, 5.186125575207341, 1.6100672029444183, 1.42981348001369, -0.45993907153728336, -0.8834648516446768, 0.6850973378945495, 1.116757146438302, -1.0224826350386966, -0.3553348778067169, 1.0746959413094348, 1.5158426516429988, 1.6201573770039182, 0.0080783225100086, 1.2944251272159253, -5.059086533828413, -0.07477063246549304, -0.2514055345126369, 1.1331968172190459, -0.31677017665811963, -0.2726366024709554, 0.0, -0.5521813189756156, -0.8561564566014588, -0.9289420557181058, -0.27552358393541454, 10.949032758527576, -0.09219926953337992, 2.363314951516527, -3.5872820379418453, -0.11639199975955555, -0.421634044353332, -0.024627105851032987, -0.08646394673918568, 0.8529427659741802, 1.0695520534702334, 1.7746642593230968, 0.6201185449980766, 0.9464531500125909, 3.8139513394458597, 1.321614385828293, 0.34639588325422005, 1.8749906976074755, -1.8827752995085758, 0.44038397949900676, -0.09080344158184002, -2.6146656124105037, 4.023294638893687, -4.295029852125794], [1.420643307524733, 2.3689260199392423, -1.360974728577524, -0.15758186729602133, 1.4837460265715718, 2.1641169217195766, 0.21884746662070315, -1.0759864329456015, -2.5189285524931475, 2.5315796113562947, -0.5496507786888202, -1.910789582048157, -1.3483096465400086, -1.071477506264745, 1.9633998930143284, 0.8991871515094885, -0.02269013716447816, -0.688830220789486, 0.35147730994473725, 0.698178614736463, 0.4298308254527236, 0.4487475179461352, -0.9295565204644823, -1.7122864618283982, 2.961995019002437, -0.35837129413884405, -1.6913342156866606, -0.09219926953337992, 17.350330633912492, -0.28850249924837956, -1.4816442134190206, 0.2996388856263968, -1.6655116831710535, 3.1549943672244622, -1.0807041905165893, 2.0590123716235684, -2.708658031686041, 2.193919641901532, -0.1407322104543681, 0.3041514585808612, -2.423461804161159, -0.601161229724767, 0.02749820678812721, -4.2444259353135525, 0.9859814550310732, 0.4205553793094599, 7.62319916919308, 1.7592865399639568, -1.8819933261514943, -1.3679462126092836], [-1.4005448703197136, 0.2808400822385773, 2.853016846859844, -1.2455930387028429, 1.3653722315659123, 0.22674775490467802, 0.5432543889922, -0.9677521530869441, -2.394153435170902, 1.03614149168913, -1.2524424779954653, 1.5014495687327738, -0.8303741190598846, 0.14496107102472003, -1.461495720944497, 0.7307862333014267, -1.5305806452873607, -0.7796660949771694, -0.7370206867175456, -0.7378239373867551, 0.20618837497673928, 0.13007839926823905, -2.2628039645488833, 1.4178202163445153, -0.7948398605709134, 1.017882203062318, -0.10676670614214501, 2.363314951516527, -0.28850249924837956, 7.580626007908075, 0.013116855193147961, -3.39127202216601, 0.6367252407004237, 0.1437470358094229, 2.9193125493142857, 0.5523360620722795, -0.6320873597889394, -1.6750393679210087, 1.4787758023543156, 0.22516037038112124, 1.6453389429169758, 1.0882103786299164, -0.18169121249438838, -4.376078276413437, -1.4547262552750553, 2.70235166334094, 1.5477910749174393, -0.9724497206715775, 1.805540887741105, -2.9990382019313624], [-0.2705041865410335, 0.39145589354234783, -0.040970016747447734, 0.0, -0.11587276302778943, 0.6462690753643313, 2.9534805365447454, -0.1524742250785336, 0.36965217998424393, 0.0018295301543614772, -0.4047046671579678, -2.651791398095288, -1.5489102423297785, -4.4534650260078195, 0.4027692914495942, -1.3125682024213958, 0.0020660965376703153, 0.2933824422688652, 0.7953944100096196, 0.07892809368738664, 0.13764064263948309, 0.004680869039286436, -0.12444705762617975, 0.3638414535542457, -1.1261765926579947, -0.25139745313810063, 0.4803862442178448, -3.5872820379418453, -1.4816442134190206, 0.013116855193147961, 11.013657478270643, -0.27752940572431806, -0.28556587124408106, 3.258036177620468, 0.5037905673831058, -0.5862338752259848, 0.5869000591622687, -4.378949651234548, 0.6469436982130409, -1.0780645576618237, -0.8092462285576839, 0.029153490704324072, -0.00791391509042138, 0.6614461796256428, 0.7156989342988507, -0.11705219468557883, -5.010506011800382, -0.9336238136786413, -0.31861675460211336, 1.0164801697427281], [2.148594928040672, 0.10428259539045785, 1.9857098860064843, 1.265158511990077, -1.0929099324151872, 0.18793702829530595, 0.16686459666469938, -0.03305960324517696, 1.8372615279734477, 2.296194651919587, -1.5841340643424424, 1.079032035486541, -0.8742372556648521, -0.6235540600844439, 1.5926691905556867, -0.9371841578999248, 3.2154149139852484, -0.6629823898800353, -0.7694695950148676, 1.1541816396817863, 0.9230753490940953, 0.40422885251616486, 0.8489844945001565, -1.2954248479525317, 2.5944857313736844, -1.3166320496650863, 0.004182233430266773, -0.11639199975955555, 0.2996388856263968, -3.39127202216601, -0.27752940572431806, 9.748415427672924, 0.6633617827821068, -0.355821116235158, -4.3777650528833965, 0.021310671880478606, 0.5686517649336226, 0.21102649582273522, -1.882967669413216, -0.565575979355127, 3.5741843986953388, -0.3927454861525827, -0.6798216970873757, 2.4451145977928963, -1.1191982152588662, -3.375542725231603, -0.9323999021218206, -0.07758689576155439, -1.699709392919839, 0.45656202016505754], [0.8099118473390975, -0.6447729383898266, 0.008824446763667311, 0.21122833020450865, 0.40825994829143153, -1.1167907711786862, 0.0, -1.9067164591502133, -0.4720361933771646, -1.48635795910059, 1.0721382354430378, 0.23447445487545032, 1.5563930946792432, 0.5743047976460552, -0.5846845295981554, -1.001445923590738, -0.6508729299924425, -0.8262514034411886, 0.8401067461653123, -0.7364297449336928, -0.5122778619065795, -0.2695124612561569, -0.3799282668453217, -1.6714725102880152, -0.0050541847412507775, 0.036897173761339525, 0.0, -0.421634044353332, -1.6655116831710535, 0.6367252407004237, -0.28556587124408106, 0.6633617827821068, 5.22713492655381, -1.9047476790579148, -1.1474782811272297, 0.9774590480903814, -0.10041901212544334, -0.34035891431696497, -0.33556511974260417, -3.1243481546570814e-06, 0.9136717419393446, 0.9192640238260206, 0.601744411339319, 0.9657340049158412, 1.1426417648337877, -0.032151583498973096, -0.15452858381477264, 1.0137389476777314, 1.5187794262361887, -0.27193306832637043], [3.515316460640654, -1.0019098270780107, -2.7069114318140484, -1.207296487858453, 4.332889503257389, 1.3510915468009324, 0.9035084678964496, 0.4906455937789831, 0.04087641467253891, -2.20123998024432, -2.8103350929577116, -1.1617630422151866, -1.469807815922817, -0.5811289628351354, -3.5418066159970554, -0.009864349196117946, -3.253120367057043, 2.3642759096430632, -0.30954400457741416, 0.05220637324182568, 0.0, -2.63563986602567, -1.2533524370547255, -1.5842872369717327, 0.8860863753532972, 1.1750134003060193, -0.16803858583525857, -0.024627105851032987, 3.1549943672244622, 0.1437470358094229, 3.258036177620468, -0.355821116235158, -1.9047476790579148, 18.349145469661522, 0.04959773002039092, 2.0887780835555994, 1.800898494343329, -1.626029676203998, 2.832808685409693, 3.083390795185672, -1.2584558097407121, -0.6781056061909458, -0.955026960766147, -0.2212698158706824, 0.9831077877190767, -0.5736699610878973, -0.9650710870482987, 0.8209769545121127, 3.1584356814124543, -0.29935667310863207], [-5.577615925901609, -0.47998488514545035, -0.23822780998865115, -2.1536835873745184, -0.302537633819967, 0.33834979333306425, -0.11565865762609161, 3.230456544577212, -1.8748960904823087, 0.6346605115469999, -0.2975635167487802, -0.5934020212443759, -0.8078563616636225, 0.09954031366253165, -0.4748525987619363, -2.104035871367135, 1.5900973246117882, 2.1030925154462223, 2.6434370987904994, 0.6277480870866424, -0.5022827443517031, 1.4204816162744367, 0.6264389223540847, -0.8153674053083075, -0.6913642378314887, 1.445700500666548, -0.22572734826580781, -0.08646394673918568, -1.0807041905165893, 2.9193125493142857, 0.5037905673831058, -4.3777650528833965, -1.1474782811272297, 0.04959773002039092, 12.504117831808959, -2.3095493515853676, -0.5759234100178999, -2.27573254247096, -0.47978558531773624, -0.5425243894394272, -2.6220393824402652, 1.7306792783171505, 1.419348119299126, -4.46655024697817, 0.5989809867216094, 1.8124977223520704, -0.8524077225034438, 0.25732995040426104, -0.7198588138259784, 1.816606596592118], [1.6654021418294143, 0.12327109104058276, -0.19342876906706702, 0.0058619087037181964, -0.01756266626365356, -0.0678250185685283, 0.2851191837758839, -0.8117778115270644, 1.03325005311169, -0.6845474883426311, -2.755255509990368, 1.4753645430722857, 0.026909343016539328, 1.4382395814927036, 0.9969561955758449, -1.7167854564847074, -1.4485426324599708, -1.3122821206130346, -1.5002926231076557, 0.8005875998470106, 0.0, -2.1629295464553726, 0.06781127392584217, -1.3816343407254155, -3.1644214665806474, 0.0, -0.11813755992595472, 0.8529427659741802, 2.0590123716235684, 0.5523360620722795, -0.5862338752259848, 0.021310671880478606, 0.9774590480903814, 2.0887780835555994, -2.3095493515853676, 10.611905330451915, -0.87118136629351, 0.06095124213708368, -3.459735974952299, 4.110469985227928, 0.31763298033035026, -0.04322464506754168, 0.07206537747981162, -0.607401975456638, -1.8267700056707414, 1.9714115662748264, 1.0300106585378406, 0.3491573785216395, 0.8972353726959702, 3.100319865115055], [0.27036448905099314, -0.09741235145973617, -0.794218448737529, -0.9393009880781242, -2.8997650330279576, 0.04626295368851735, 0.3144134502817691, -0.7877008250070935, 3.2765438699020417, 1.1055690243587433, 0.5403499365434894, -1.786360365516082, 1.8511381749402207, -1.1443844477066005, 3.944658159063507, 3.7261615909600536, 3.1661812337301085, 2.652492706212364, 1.8209590176296089, -2.7898365744684743, -0.43590768179664124, -0.3263978135777748, 3.3920384663999767, 1.0010729571979895, 0.07514628810566915, 0.4213894409449658, -2.447718866581173, 1.0695520534702334, -2.708658031686041, -0.6320873597889394, 0.5869000591622687, 0.5686517649336226, -0.10041901212544334, 1.800898494343329, -0.5759234100178999, -0.87118136629351, 11.651222303844282, 2.337789120247994, 1.6885034494733893, 1.6347390113027545, 0.6663085007222825, 0.17334396306061373, -0.42607449801271335, 3.062963406737875, 3.347430140865343, -0.9099762272614167, -3.6403690848315624, 0.6328434430994431, -0.12226851654701523, -4.074232445457835], [0.08112848134230383, -0.1397268897075375, -1.4870960604715944, -0.2747303782410114, 1.1983436536843979, 0.778966483866372, -0.484580539812788, -0.07257546941360955, 0.9465031002642886, -0.6651864833905579, 2.6090216170092266, 3.0070397491385794, 1.6498922140831427, 1.1264114873174598, 0.7012869935845588, 0.0, 1.9972099428508374, 4.102097511590823, 0.8594020603701074, -0.05129401261853898, 0.0, -0.084401850131156, 0.5666275805548531, -0.39327467338315514, 0.9516782672727084, -0.571195913693894, 0.0, 1.7746642593230968, 2.193919641901532, -1.6750393679210087, -4.378949651234548, 0.21102649582273522, -0.34035891431696497, -1.626029676203998, -2.27573254247096, 0.06095124213708368, 2.337789120247994, 12.04835912158072, -2.215161419996261, -0.9032581149826348, 2.5083913084616527, -0.2329210593701352, -0.3963143614997456, 1.0648839505694472, 0.15806084766988363, -0.5704310006462933, 0.7469314124479766, -0.31637400351740635, 0.124725294333109, -0.4885137411131454], [-1.288803701534119, 0.008877312821971668, -2.749464207728914, -0.1549128186786993, 0.2878531410862106, 2.3832759907956125, 0.857920896354403, -6.010086027381975, 0.8220557607373395, -1.3406446000808931, -2.5947625874609677, 1.2630001806222209, 0.11505818355055673, -0.09096383740283089, 0.40395115903654455, 0.1792993809852401, -5.010978221446034, 0.12354117688881103, 2.7314907199854552, 0.8812570145154424, 0.6205130833678246, -0.6082835396493855, -1.7650272107397738, 3.014951586219477, 0.1263092325650365, 1.6153489494318203, -0.38202718288279003, 0.6201185449980766, -0.1407322104543681, 1.4787758023543156, 0.6469436982130409, -1.882967669413216, -0.33556511974260417, 2.832808685409693, -0.47978558531773624, -3.459735974952299, 1.6885034494733893, -2.215161419996261, 22.05437421026514, -0.09052628458532944, -3.652476557513083, 0.010925803912713325, 0.5566071954812153, 4.748517516645524, 3.2983458327815685, 2.9258845829194255, -2.1632742323614873, -0.6047251436541135, 0.4767902523036247, -0.4006773377077579], [0.6247158305547232, 0.862025014403524, -1.3150339269688929, 0.04866073125269624, -0.7630623458979516, -0.9754981916909219, -0.7742457438523486, 0.46147913528931467, 0.02195389562030605, -0.5000338137292545, 0.31479198637192424, -0.14171163856629923, 0.13161133940223882, -0.005766449536698078, -1.3711953347298635, -0.06068105373146665, -2.542055037587019, -1.574075984703886, 0.3141160009311489, 0.7447846022774635, -0.35785265595615634, -1.77749931426807, 2.564048301041619, -1.5495223820879278, 1.962139939507442, 0.3312555897486094, -2.181546448287417, 0.9464531500125909, 0.3041514585808612, 0.22516037038112124, -1.0780645576618237, -0.565575979355127, -3.1243481546570814e-06, 3.083390795185672, -0.5425243894394272, 4.110469985227928, 1.6347390113027545, -0.9032581149826348, -0.09052628458532944, 9.169428191252127, 0.8520724628315682, 0.48444059331290096, -