n: 5
m: 41
H: [[2.5039131166627824, 0.0, 0.0, 0.0, 0.0], [0.0, 2.348736960488606, 0.0, 0.0, 0.7565104851365316], [0.0, 0.0, 0.01, 0.0, 0.0], [0.0, 0.0, 0.0, 0.4843282452813392, 0.054823958617103055], [0.0, 0.7565104851365316, 0.0, 0.054823958617103055, 0.3115450644110887]]
g: [0.7674347291529088, -1.0128311203344238, 0.3142473325952739, -0.9080240755212109, -1.4123037013352915]
AI: [[-1.1509935774223028, 0.0, -1.2208436499710222, 0.0, -0.7198442083947086], [0.0, 0.0, 0.0, -1.4785219903674274, 0.0], [0.0, 0.0, 0.0, 0.3436182895684614, 0.822544912103189], [0.0, 0.0, 0.0, 0.0, 0.0], [0.2088635950047554, 0.0, 1.0571222262189157, 0.0, 0.0], [0.0, 0.0, 0.0, 0.0, 0.0], [0.0, 0.0, 0.0, 0.0, 0.7384665799954104], [0.0, -0.013497224737933921, -0.11564828238824053, 0.0, 0.0], [0.0, 0.0, 0.11092258970986608, 0.19686123586912352, 0.1713682811899705], [0.0, 0.0, 0.0, -1.9596701238797756, 0.0], [0.0, 0.0, -0.2916937497932768, 0.0, 0.0], [0.0, -1.763040155362734, 0.0, 0.0, -0.3011036955892888], [0.06752820468792384, 0.0, 0.0, 0.0, 0.0], [0.0, 0.0, 0.0, 0.0, 0.0], [0.0, 0.0, -0.22577630048653566, 0.0, 0.0], [0.0, 0.0, -0.4606387709597875, 0.0, 0.0], [0.0, 1.8522781845089378, 0.0, 0.0, 0.0], [0.0, 0.0, 0.0, 0.0, 0.0], [-0.6017066122293969, 0.0, 0.0, 0.0, 0.0], [0.0, 0.0, 0.0, 0.0, 0.0], [1.1509935774223028, -0.0, 1.2208436499710222, -0.0, 0.7198442083947086], [-0.0, -0.0, -0.0, 1.4785219903674274, -0.0], [-0.0, -0.0, -0.0, -0.3436182895684614, -0.822544912103189], [-0.0, -0.0, -0.0, -0.0, -0.0], [-0.2088635950047554, -0.0, -1.0571222262189157, -0.0, -0.0], [-0.0, -0.0, -0.0, -0.0, -0.0], [-0.0, -0.0, -0.0, -0.0, -0.7384665799954104], [-0.0, 0.013497224737933921, 0.11564828238824053, -0.0, -0.0], [-0.0, -0.0, -0.11092258970986608, -0.19686123586912352, -0.1713682811899705], [-0.0, -0.0, -0.0, 1.9596701238797756, -0.0], [-0.0, -0.0, 0.2916937497932768, -0.0, -0.0], [-0.0, 1.763040155362734, -0.0, -0.0, 0.3011036955892888], [-0.06752820468792384, -0.0, -0.0, -0.0, -0.0], [-0.0, -0.0, -0.0, -0.0, -0.0], [-0.0, -0.0, 0.22577630048653566, -0.0, -0.0], [-0.0, -0.0, 0.4606387709597875, -0.0, -0.0], [-0.0, -1.8522781845089378, -0.0, -0.0, -0.0], [-0.0, -0.0, -0.0, -0.0, -0.0], [0.6017066122293969, -0.0, -0.0, -0.0, -0.0], [-0.0, -0.0, -0.0, -0.0, -0.0]]
bI: [-0.2694123337985215, -0.24412552224777417, -0.16829104217293056, -0.21876421957307024, -0.5581020020173412, -0.4038361710580408, -0.06489224710898156, -0.2539154139343447, -0.2468760628386012, -0.6963042728397884, -0.712270589924442, -0.1480869299533999, -0.9977404850489419, -0.266781014275285, -0.9766149558326529, -0.4110370133182313, -0.033050732900548385, -0.345071248026683, -0.6343513447013638, -0.6807054515547668, -0.37564595186620675, -0.704366314162286, -0.8945057401697294, -0.5434654295170898, -0.7815595627831664, -0.5834900521296338, -0.1167197410811317, -0.675654978994726, -0.8779120452993266, -0.6437021619230251, -0.09317155845424596, -0.7278677506153647, -0.3523098794586377, -0.9994796230046842, -0.647431143665831, -0.695218741841971, -0.8353441468570583, -0.46591058062455804, -0.5151700286410168, -0.30756396710972966]
AE: [[0.5868570938002703, 2.1904556258099785, -0.9905363251306883, -0.5662977296027719, 0.09965136508764122]]
bE: [-0.6775643618422824]
