n: 10
m: 81
H: [[0.06482780289432699, 0.0, 0.0, 0.3306956778019169, 0.0, 0.0, 0.05286628269147228, -0.1516584569659011, 0.0, 0.0], [0.0, 3.126755604006647, 0.16893841587822364, -1.0380694129337, -0.9873673634581035, -2.7240123468018136, -0.21834875633670844, 0.16257355705385587, -0.15826137360159373, 0.46901070552800606], [0.0, 0.16893841587822364, 2.32961994351025, 0.0, -1.7529975829480493, 0.0, 0.0, 2.2322268340751936, 0.0, 0.0], [0.3306956778019169, -1.0380694129337, 0.0, 5.885649238452167, 0.0, 0.2186481900690329, 0.3188647048509233, -1.0911135161318646, 0.5263891265404783, -0.46294163413981826], [0.0, -0.9873673634581035, -1.7529975829480493, 0.0, 1.6311387660288514, 0.9390154692455175, 0.0752686969761399, -1.6869523197856136, 0.0, 0.0], [0.0, -2.7240123468018136, 0.0, 0.2186481900690329, 0.9390154692455175, 3.202245732282071, 0.238494558690129, -0.17497374550096365, -0.031449894128348636, 0.0], [0.05286628269147228, -0.21834875633670844, 0.0, 0.3188647048509233, 0.0752686969761399, 0.238494558690129, 0.08009195483974249, -0.14623272199990694, 0.0, 0.0], [-0.1516584569659011, 0.16257355705385587, 2.2322268340751936, -1.0911135161318646, -1.6869523197856136, -0.17497374550096365, -0.14623272199990694, 4.748683151335679, 0.0253702126836939, 0.0], [0.0, -0.15826137360159373, 0.0, 0.5263891265404783, 0.0, -0.031449894128348636, 0.0, 0.0253702126836939, 0.09964530209683689, -0.07057888230159565], [0.0, 0.46901070552800606, 0.0, -0.46294163413981826, 0.0, 0.0, 0.0, 0.0, -0.07057888230159565, 1.2538202984149234]]
g: [-1.5741552869440547, 0.6379529432248898, -2.044423021819915, 1.0694808861969303, -0.93376284091205, 0.7842081876539384, -0.6148757594173107, 0.3328924404889295, -1.3807170242722524, -0.2808062915267532]
AI: [[0.0, 0.0, 0.10576364702776062, 0.0, 1.1686312434505337, 0.0, 0.0, 0.0, 0.9206667157130712, 0.0], [-0.8173541551228293, 0.0, 0.0, 0.0, -0.15333645751614036, 0.0, 0.0, 0.0, 0.3561598303893801, 0.0], [0.0, 0.0, 0.0, -0.38332330626590333, 0.0, 0.0, 0.7507858855894212, 0.4609556154202936, 0.0, 0.0], [0.0, 0.0, 0.0, 0.0, 0.9611737664183551, 0.0, 0.42801284098942743, 0.0, 0.0, 0.0], [0.0, -0.5361601001790223, -0.011443447469728663, 0.0, 0.0, 0.0, 0.0, 0.0, -2.879456893472376, 0.5396092015836658], [0.0, 0.0, 0.0, 0.19033698496516738, 0.0, 0.0, 0.0, -2.4696988650675973, 0.0, 0.0], [0.0, 0.0, 0.0, 0.0, 0.0, 0.0, 0.0, 0.0, 0.0, -0.08008733535248917], [0.0, 0.0, 0.0, -0.9514717506480398, 0.0, 0.0, 0.0, 0.0, -2.498759141638711, 0.0], [0.0, 0.0, -0.015483340011778864, -1.064831152863006, 0.0, 0.0, 0.0, 0.0, 0.0, 0.0], [0.0, 0.0, 0.0, 0.0, 0.0, 0.0, 0.0, 0.0, 0.0, 0.0], [0.0, 0.0, 0.0, 0.0, 0.0, 0.0, 0.0, 0.0, 0.0, 0.0], [0.0, 0.0, 0.0, 0.0, -0.46252686020175215, 0.0, 0.41335408762364534, 0.0, 0.10871179962738556, 1.2317783767161103], [0.0, 0.0, 0.0, 0.0, 0.0, 0.0, 0.0, 0.0, 0.3963739400644419, 0.3449023350447285], [0.0, 0.0, 0.0, 2.1587285233631035, 0.0, 0.0, 0.0, 0.0, 0.0, 2.2733451580174817], [0.0, -0.6891942104642451, -0.41645636355137505, 0.0, 0.0, 0.0, 0.0, 0.0, 0.0, 0.0], [0.0, -0.14089855446735033, 0.0, 0.0, -0.9853817971256873, 0.0, 1.8723191173207203, 0.0, 0.8672294989764441, 0.0], [0.013033899766550932, 0.0, 0.0, 0.0, 0.0, 0.0, 0.0, -0.5698283483984036, 0.0, 0.5806895417300261], [0.0, -0.3276251832780026, 0.0, 0.0, 0.0, 0.0, 0.0, 0.0, 0.0, 0.0], [0.37776959197309157, 0.0, 0.0, 0.0, 0.0, 0.0, 0.0, 0.0, -0.5224614795325828, 0.0], [0.0, 1.4335154872899205, 0.0, 0.0, 0.0, 0.0, 0.0, 0.0, 0.0, 0.0], [0.0, 0.0, 0.0, 0.0, 0.0, 0.0, 0.0, -0.9553464447177047, 0.0, -1.343523764067433], [-1.2494437227999267, 0.0, 0.0, -0.8031776650126476, 0.4181185219555865, 0.0, 0.0, 0.0, 1.9338398009281186, 0.0], [0.9648105823284351, 0.0, 1.9451156144867858, -1.3987408816058577, -0.21432448325619294, 0.0, 0.0, 0.0, 1.2180504377565105, 0.0], [0.0, 0.0, -1.01907278536807, 0.0, 0.0, 0.0, 0.0, -0.06437805080096688, 0.0, 0.7049813113327208], [-0.8615980542483289, 0.0, 1.1026874654627117, 0.0, 0.0, 0.0, 0.0, 0.0, 0.0, -0.44280234490564224], [-0.483122678751293, 0.0, 0.18062297374021988, 0.0, 0.0, 0.0, -1.112497354329448, 0.0, 0.8721618593534538, 1.30034514799654], [0.0, 0.0, -0.9069872254048804, 0.0, 0.0, 0.0, 0.0, 0.0, 0.0, 0.0], [0.0, 0.0, 0.0, 0.06282459973318241, 0.0, 0.0, 0.14697465045721628, 0.7278331141658672, 0.0, 0.29765044850834704], [0.0, 0.0, 0.8178735122165649, 0.0, -0.004856944651029909, 0.0, 0.0, 0.0, 0.0, -1.8865280457856384], [0.0, 0.0, -0.6256162952329317, 0.0, -1.4982956373719307, -1.0281157705875381, 0.0, 0.0, 0.0, 0.0], [0.0, 0.0, -1.466967885179526, -0.25818479853633935, 0.0, 0.0, 0.0, 0.0, 0.0, 0.0], [0.12701223937179829, 0.0, 0.0, 0.6530483110497608, -0.021880874338765014, 0.0, 0.4819791390028944, 0.0, 0.0, 0.0], [-0.10525713400117943, 1.263740530766387, 0.7181282798247107, 0.0, 0.0, 0.0, 0.0, -0.34408054131131866, 0.0, 0.0], [0.0, 0.0, 0.0, -0.61906936035496, 0.0, 0.0, -0.22672245554936182, 0.0, 0.0, 0.0], [-0.8375813917631142, 0.1357538294764863, 0.0, 0.0, 0.0, 0.0, 1.794280843008586, 0.0, 0.0, 0.8926294715061621], [0.0, 0.0, 0.0, 0.0, 0.0, 0.39433995146482975, 0.0, 0.0, 0.0, -0.24138013164421257], [0.8575032515881125, 0.0, 0.0, 0.6080896620009615, 0.0, -0.1469453929203728, 0.9584138362132985, 0.0, 0.0, 0.0], [0.0, 0.0, 0.0, 0.0, 0.0, 0.0, 0.0, 0.0, 0.0, 0.0], [0.8501205821238573, -0.027376445585158626, -1.093940409068474, 0.0, 0.0, 0.0, 0.0, 0.0, 0.0, 0.0], [0.0, -1.349389973233009, 0.0, 0.0, 0.0, 0.0, 0.6771860655820995, 0.0, 0.0, -1.8498029371642315], [-0.0, -0.0, -0.10576364702776062, -0.0, -1.1686312434505337, -0.0, -0.0, -0.0, -0.9206667157130712, -0.0], [0.8173541551228293, -0.0, -0.0, -0.0, 0.15333645751614036, -0.0, -0.0, -0.0, -0.3561598303893801, -0.0], [-0.0, -0.0, -0.0, 0.38332330626590333, -0.0, -0.0, -0.7507858855894212, -0.4609556154202936, -0.0, -0.0], [-0.0, -0.0, -0.0, -0.0, -0.9611737664183551, -0.0, -0.42801284098942743, -0.0, -0.0, -0.0], [-0.0, 0.5361601001790223, 0.011443447469728663, -0.0, -0.0, -0.0, -0.0, -0.0, 2.879456893472376, -0.5396092015836658], [-0.0, -0.0, -0.0, -0.19033698496516738, -0.0, -0.0, -0.0, 2.4696988650675973, -0.0, -0.0], [-0.0, -0.0, -0.0, -0.0, -0.0, -0.0, -0.0, -0.0, -0.0, 0.08008733535248917], [-0.0, -0.0, -0.0, 0.9514717506480398, -0.0, -0.0, -0.0, -0.0, 2.498759141638711, -0.0], [-0.0, -0.0, 0.015483340011778864, 1.064831152863006, -0.0, -0.0, -0.0, -0.0, -0.0, -0.0], [-0.0, -0.0, -0.0, -0.0, -0.0, -0.0, -0.0, -0.0, -0.0, -0.0], [-0.0, -0.0, -0.0, -0.0, -0.0, -0.0, -0.0, -0.0, -0.0, -0.0], [-0.0, -0.0, -0.0, -0.0, 0.46252686020175215, -0.0, -0.41335408762364534, -0.0, -0.10871179962738556, -1.2317783767161103], [-0.0, -0.0, -0.0, -0.0, -0.0, -0.0, -0.0, -0.0, -0.3963739400644419, -0.3449023350447285], [-0.0, -0.0, -0.0, -2.1587285233631035, -0.0, -0.0, -0.0, -0.0, -0.0, -2.2733451580174817], [-0.0, 0.6891942104642451, 0.41645636355137505, -0.0, -0.0, -0.0, -0.0, -0.0, -0.0, -0.0], [-0.0, 0.14089855446735033, -0.0, -0.0, 0.9853817971256873, -0.0, -1.8723191173207203, -0.0, -0.8672294989764441, -0.0], [-0.013033899766550932, -0.0, -0.0, -0.0, -0.0, -0.0, -0.0, 0.5698283483984036, -0.0, -0.5806895417300261], [-0.0, 0.3276251832780026, -0.0, -0.0, -0.0, -0.0, -0.0, -0.0, -0.0, -0.0], [-0.37776959197309157, -0.0, -0.0, -0.0, -0.0, -0.0, -0.0, -0.0, 0.5224614795325828, -0.0], [-0.0, -1.4335154872899205, -0.0, -0.0, -0.0, -0.0, -0.0, -0.0, -0.0, -0.0], [-0.0, -0.0, -0.0, -0.0, -0.0, -0.0, -0.0, 0.9553464447177047, -0.0, 1.343523764067433], [1.2494437227999267, -0.0, -0.0, 0.8031776650126476, -0.4181185219555865, -0.0, -0.0, -0.0, -1.9338398009281186, -0.0], [-0.9648105823284351, -0.0, -1.9451156144867858, 1.3987408816058577, 0.21432448325619294, -0.0, -0.0, -0.0, -1.2180504377565105, -0.0], [-0.0, -0.0, 1.01907278536807, -0.0, -0.0, -0.0, -0.0, 0.06437805080096688, -0.0, -0.7049813113327208], [0.8615980542483289, -0.0, -1.1026874654627117, -0.0, -0.0, -0.0, -0.0, -0.0, -0.0, 0.44280234490564224], [0.483122678751293, -0.0, -0.18062297374021988, -0.0, -0.0, -0.0, 1.112497354329448, -0.0, -0.8721618593534538, -1.30034514799654], [-0.0, -0.0, 0.9069872254048804, -0.0, -0.0, -0.0, -0.0, -0.0, -0.0, -0.0], [-0.0, -0.0, -0.0, -0.06282459973318241, -0.0, -0.0, -0.14697465045721628, -0.7278331141658672, -0.0, -0.29765044850834704], [-0.0, -0.0, -0.8178735122165649, -0.0, 0.004856944651029909, -0.0, -0.0, -0.0, -0.0, 1.8865280457856384], [-0.0, -0.0, 0.6256162952329317, -0.0, 1.4982956373719307, 1.0281157705875381, -0.0, -0.0, -0.0, -0.0], [-0.0, -0.0, 1.466967885179526, 0.25818479853633935, -0.0, -0.0, -0.0, -0.0, -0.0, -0.0], [-0.12701223937179829, -0.0, -0.0, -0.6530483110497608, 0.021880874338765014, -0.0, -0.4819791390028944, -0.0, -0.0, -0.0], [0.10525713400117943, -1.263740530766387, -0.7181282798247107, -0.0, -0.0, -0.0, -0.0, 0.34408054131131866, -0.0, -0.0], [-0.0, -0.0, -0.0, 0.61906936035496, -0.0, -0.0, 0.22672245554936182, -0.0, -0.0, -0.0], [0.8375813917631142, -0.1357538294764863, -0.0, -0.0, -0.0, -0.0, -1.794280843008586, -0.0, -0.0, -0.8926294715061621], [-0.0, -0.0, -0.0, -0.0, -0.0, -0.39433995146482975, -0.0, -0.0, -0.0, 0.24138013164421257], [-0.8575032515881125, -0.0, -0.0, -0.6080896620009615, -0.0, 0.1469453929203728, -0.9584138362132985, -0.0, -0.0, -0.0], [-0.0, -0.0, -0.0, -0.0, -0.0, -0.0, -0.0, -0.0, -0.0, -0.0], [-0.8501205821238573, 0.027376445585158626, 1.093940409068474, -0.0, -0.0, -0.0, -0.0, -0.0, -0.0, -0.0], [-0.0, 1.349389973233009, -0.0, -0.0, -0.0, -0.0, -0.6771860655820995, -0.0, -0.0, 1.8498029371642315]]
bI: [-0.5277011090862999, -0.9929647961193003, -0.07379656473539886, -0.5538542844013208, -0.969302535619099, -0.5230978441701488, -0.6293986381352625, -0.6957486889846172, -0.45454106476777323, -0.6275580800840634, -0.5843143119231002, -0.901158010490989, -0.04544638034145787, -0.2809631895922303, -0.9504114840765587, -0.8902637838909163, -0.45565675278571294, -0.6201325978015367, -0.2773811829811327, -0.1881211597237613, -0.46369840493998216, -0.3533522280260528, -0.5836561118508721, -0.07773463696498484, -0.9743948076661665, -0.9862107444796029, -0.6981617140197451, -0.5360963663441204, -0.30952761628632774, -0.8137950197069487, -0.6847311725538793, -0.1626169393448913, -0.9109271844938425, -0.822537242923169, -0.949799913291924, -0.72571950838836, -0.6134151959357899, -0.4182430362906189, -0.9327284833540133, -0.8660638895004084, -0.9158931938850026, -0.29903086854088, -0.9272369936358065, -0.17813994070964378, -0.2937577728435038, -0.9186512193581002, -0.9151622859148081, -0.013360421498824548, -0.6257292042438797, -0.6293578529331091, -0.18720043274249742, -0.0527514226161413, -0.013998936177129107, -0.24662181474105838, -0.6237404144690842, -0.9164992833013312, -0.2228530840725632, -0.44159575026419495, -0.5757779907530237, -0.09364561490526402, -0.8888025176938487, -0.5073748957091408, -0.9886463552325809, -0.5313393580058737, -0.9436967243181626, -0.8811820837319281, -0.8824737532228951, -0.35078969788393644, -0.2539551207345767, -0.4166312349028404, -0.03782745152545808, -0.6251294204762959, -0.7142879137181393, -0.13140087181053972, -0.7764041614805474, -0.036777460559388686, -0.9878455253101837, -0.03012117329236097, -0.9568400880494239, -0.10885688630192891]
AE: [[-0.4843756919693036, 1.638859986373953, 0.22523535280560358, 0.16642953580316122, 0.8075556316054292, 0.924152383085535, 0.8128564642380991, -1.3507219529415064, -0.6372355320758775, -0.6565289514688174]]
bE: [-0.2747317970259088]
