n: 50
m: 401
H: [[15.861918663547684, -0.19490505452622023, 1.680972428055181, -2.40598556696076, -3.227947938060828, 0.0342509931652585, -6.399635006260627, 0.3672120326499021, -0.4395700480045315, -1.8169997044881778, 0.27882887755772, -0.21000274297439067, 4.1746791521117155, 1.997965820345477, 1.5163321637297102, -0.9061006630597697, -5.2346302435206375, -0.11461726641845477, 0.4831585942204419, -0.7699146281569906, -0.4195402934300638, -0.7561840233235821, -2.5235375422726523, -2.560229851990162, 2.289139357400351, -0.6131821472413875, 3.624208642345617, 3.461390676253304, 1.2789292662968925, 1.4420103880818014, -0.20260207253372625, 0.9971217495215526, 1.0798674676964957, -1.3553060461236945, 0.3465376630947094, 4.902060690416905, 1.3107638150369778, 2.318338567852713, 0.9232851311137026, 1.1566729123463726, 2.4723516920199335, -0.5701649014583223, -0.16134847774353206, -0.7972708125961362, -2.1301310727400997, -1.7253782245271558, -0.125393838308479, -0.4966379795551026, -1.488100759497909, 0.5651652000844885], [-0.19490505452622023, 11.384089490569963, 1.7999119759553988, 0.7257606246620381, 1.953386363636902, 1.095797021981325, 4.083744402543846, 0.4734028423549265, 0.0, -1.6821573897843107, -2.1517762990657467, -0.9578710508675835, 2.9327474905257467, -0.9316425164592693, -0.23738574923433256, -0.7201434917983287, -2.961849354879754, -0.5454226609023677, 1.2599264192993112, -0.09906075174380276, -1.7063800771178914, -1.4497644232566673, -0.20285024491114761, 2.0201937586476544, -1.5186270519904226, -1.0658205196585742, -1.959992285055861, 2.9689626356159415, -0.2308052444362408, -2.235792811520451, -1.815075040746888, -0.30191736779672174, 0.0, 1.0563509795121169, 0.9501215535188661, -1.647022884397392, -0.2746561913930938, -1.0929660861745727, 1.1612542829033392, 3.4848652399962634, -0.8847424081636859, 0.29297953215285133, 2.1019633097405817, -1.666469816651429, -0.3435722834422105, 2.0399101388447494, 3.2308705369642823, 0.07581941936591713, 2.729895314224294, -0.5017093407393334], [1.680972428055181, 1.7999119759553988, 10.130923246437217, 0.3398113948487247, 2.7948964434662225, 0.0, 3.7769556522908183, 0.16293899956324542, 0.0, 0.8508245733006279, 1.1020671664121218, 0.6557318314150931, 0.6485921077667156, 0.12728261721200343, 2.7293269491083785, -0.7529425526442028, -2.757882103809285, -1.5689272032831367, 1.982753996109811, -2.3136759292294, -1.8060332638835817, -0.7807751281370903, -0.862820066875974, 0.8594539106417853, 0.3264724741620147, -2.594855145880511, 0.0644076121118401, -1.083264936408817, 0.7819526564210325, -2.3348508773209686, 2.117287331372564, 0.25389753939117543, -0.9883086660683518, -0.7157974127671961, 0.5083170876925411, -1.4419492253952095, -0.6948094286375929, -0.8699563336798807, -1.030949728598085, 0.6753402110691932, -1.0393403495329074, -0.1128228882157921, 2.1284135975844176, 1.0177698659361107, -1.2813371204528479, 2.8835662098649126, 1.3073812762048278, -3.0902105089091987, -0.0006987010766158538, -0.28590180306617735], [-2.40598556696076, 0.7257606246620381, 0.3398113948487247, 9.87774944989758, -2.8523483603429716, 0.051903520478118, 2.0527439607016142, -0.07501445754979974, -0.408144469145726, -0.6603141311791298, -0.7951329398991737, -3.8190754011125896, -1.12955792491846, -0.12307456542914481, -1.116523904783955, 0.45596329982352124, 1.7831583290799315, -0.25217352995798487, 4.398938827200808, 1.1967362005876314, 0.40238678375608744, 0.722774524482918, 2.2493905650351866, -2.1930800152995094, 0.02808138228934223, -1.184382967212564, -0.8286724348215161, 1.540838603548623, 0.5528789901314356, -2.164167340665793, 0.0, 0.08306445883000013, -3.4122187486041407, -0.975184058154233, -0.8134894240911685, -2.4028644900301783, -2.050939903677201, 0.0, 1.152503538157159, -1.0741018196577847, -0.8073218922996805, -0.8662988181418939, 0.19466007216663728, -2.162718370080857, 1.7540425298285474, -1.7755520471532729, 2.7029833027531778, -3.912279976478026, 1.343653274356102, -0.06515845359351408], [-3.227947938060828, 1.953386363636902, 2.7948964434662225, -2.8523483603429716, 26.41275272436718, -0.3668370102025415, 4.382566133387302, 1.9667303072492766, -1.1438690556457078, -0.2892777633494724, -2.439059349107745, 6.068229479720754, 0.9987019930698553, -5.85923874958182, -0.3388842287203839, 4.595067516025217, 0.4768675936060514, 0.7274726212497834, 0.16066138517677514, 1.2154380417606498, -0.7787676604481992, 0.01774839249018702, 4.040833165248995, 1.579033182206668, -3.3451139291860175, -8.420221615853485, 0.3869721749971248, 0.5031815888127243, 0.7784621793030917, 4.474580191910726, 1.05353991359002, -0.6460577613508206, 0.5192713408539813, -1.5935935682192068, 3.5007747721612645, 1.6672787988212896, 1.6554031178266002, 1.4692469184831871, 1.6237677801631185, -2.9391978097111076, 3.6390096246345993, 3.012243235721066, 2.020342972616638, -0.45490212031863364, -5.921371622253275, -0.36187682542485183, 4.146546288014688, 2.6552002527748426, -5.543654619270916, 1.0942148695858576], [0.0342509931652585, 1.095797021981325, 0.0, 0.051903520478118, -0.3668370102025415, 3.3277337917702448, 0.3022963664771408, 0.22609888591773936, -0.032397386249647366, -0.5586274695542226, 0.008687117106127882, 0.4704020994316215, -0.7702094663416681, 0.11467431504987863, -1.3071003118148596, -0.04330454693310556, 2.3979276971998376, -0.19538169324304852, -0.17584111659684934, 0.0, 0.7165151267382277, -1.546762873365217, 0.022000658648164213, 0.0, -0.009314409246475416, -1.1956646520680756, 0.0, -0.4208836295947154, -0.017083475216607243, 0.4754252051882231, -1.0483021848271226, -0.1275947471396772, 0.21011246758806745, 0.9704481199448997, -0.14249545837663735, 0.6176546278073685, -0.5107747861399013, 0.0, 0.0, 0.032924426626089805, -0.09524002793970748, -0.24384379032824563, 0.0, -0.01854369104832788, 0.4711333418402051, -1.3775916954672025, 0.0, -0.05211903646714666, 0.0, 1.4947144467062374], [-6.399635006260627, 4.083744402543846, 3.7769556522908183, 2.0527439607016142, 4.382566133387302, 0.3022963664771408, 19.90966725378108, 0.0, 0.05937035178387204, 0.15283495459600693, 0.16785575143950132, -0.5883771449944192, -5.581855234607247, 1.7737039923146976, 1.5985189926393641, -1.1371835958535677, 1.738389319163499, -3.2410546377244005, 2.296343517880027, -1.8253989919155746, -1.5461230629344365, -1.290508534585097, 4.656711827188716, 1.9881643412299914, -4.119351712895207, -1.0605703778605409, -0.405953911021805, 3.0954352201646484, -1.2931539088444572, -2.1545894115209037, 2.752570171266186, 1.3961631675647994, 2.8472617540492617, 2.3630922333473414, 1.137796621053093, -7.6357380462866375, -2.8369929626619497, -1.0970633370900869, -0.6914822147363018, -1.7814709120075518, -2.0762596573356156, 0.6808522693154703, 1.8853683804307908, -0.5419874638735295, 3.4324510270204027, 1.6504102255958588, 3.1751612969419982, -0.7957573643122848, 0.1534961185588418, -1.2046069470854297], [0.3672120326499021, 0.4734028423549265, 0.16293899956324542, -0.07501445754979974, 1.9667303072492766, 0.22609888591773936, 0.0, 6.9100214851151724, 0.6662604037836094, 1.206905425557637, 0.4542604949880794, -0.14069817919548713, 0.5762232164820359, 0.22502518335787586, 0.13141145506096386, 0.879835573350854, 0.7535382592450202, 0.0, 0.5757136707187679, -1.1036482461474117, 0.0, 0.08400939906151311, 0.42586742955017154, -0.4955400987756161, 0.0, -0.6481953657685967, -0.17566294913331557, -0.03759534179107706, -0.02779330602606784, 0.9128946123441796, -0.2779676103806247, -0.03395601525795743, 0.04995378631014501, 0.8242848572467909, 1.2879621085389754, 0.4340874302795096, 0.0988484771127599, -0.022414497828677337, 0.5963442670572376, 1.3632777964902132, -0.5346516145200474, 4.2583192104692245, -0.17162034838821205, -0.2608366125316134, 0.0, -2.312655065015043, -2.488772219009286, 0.0, 0.031908947514198545, 2.453827760478208], [-0.4395700480045315, 0.0, 0.0, -0.408144469145726, -1.1438690556457078, -0.032397386249647366, 0.05937035178387204, 0.6662604037836094, 1.5233586713753322, 0.9002324506855209, -0.0419287176473288, 0.6992747360662595, 0.0, 0.11839283002059635, 0.48397853527414353, -0.3621858913060573, 0.605744712195299, -0.04037207546778315, 0.30707782561785324, 0.019151105996212506, -0.03694072122370781, 0.0, -0.5917167953456233, -0.07271998165866042, 0.0, 0.4383062483535173, -0.8338245281983488, -0.2647422498015413, -0.6178733841811054, -0.796196195772263, 0.0, 0.119589969293645, 0.2967626415188048, -0.09996756972423664, 1.3710248675100167, 0.05932585051950962, 0.0, -0.08090909364593746, 0.0, 0.3867762753249325, 0.04698523571932088, 0.33876194737016335, 0.0, 0.14581872037202062, 0.015693062628691103, 0.8481109959940483, 0.047112349165974274, -1.0760206116845759, 0.0, 0.7092447086247909], [-1.8169997044881778, -1.6821573897843107, 0.8508245733006279, -0.6603141311791298, -0.2892777633494724, -0.5586274695542226, 0.15283495459600693, 1.206905425557637, 0.9002324506855209, 14.366302344963257, 1.172284477559342, 0.9834810361037513, 1.523250698067156, 2.7231141559913636, -1.3976815742854298, -2.2808174123081657, 2.8079179461711976, 0.18287139504732017, 1.9148608559764728, -1.4136962788395329, -1.3510952890256374, 0.7928749660824383, -0.8383778712422364, -0.08907192408542036, -0.26509381537785054, -0.25328609598564933, -1.584540502179809, 2.0590228927467384, 2.37696859403783, -1.369257938478097, 4.031482995931916, 0.6381203542228316, -1.1758105260042313, 0.745528609593283, -0.4378350901018743, -3.7267884725993725, -0.08614731883098457, -1.313940460175262, -0.7364880787839669, -1.2606685128555897, 0.8666992673243399, 2.466746876336965, -0.738697611463173, 0.29373602417216, -0.006574714790923509, 2.747694456452526, 1.359254845445007, -0.8421559441727517, 0.8871385570387528, 0.7144852531239322], [0.27882887755772, -2.1517762990657467, 1.1020671664121218, -0.7951329398991737, -2.439059349107745, 0.008687117106127882, 0.16785575143950132, 0.4542604949880794, -0.0419287176473288, 1.172284477559342, 10.234709784217902, -0.299875602737152, -0.2773675743036721, 2.4208773982917533, -0.5003429808382649, -2.3440964857707725, -2.960514452490789, 1.1931882792796458, -1.8126176828041392, -0.17224170166852, -0.5677975679998964, 0.2787674227108476, 0.14942760507026334, -0.7124772661063162, 1.3434826138137013, 2.3325533161363814, -1.101370409420095, -3.206449501650672, -0.7049666589779578, -0.5297498818253984, 3.3741913941424033, 0.7922358396720729, 0.032087828637578156, 0.435742684822326, -4.226789133949914, -0.13480511690762728, 0.735875318077129, -0.7301955205023977, -1.9848762882243531, -1.8661679644565452, -0.9115201685152616, -0.16062260512771395, -0.2639505346723458, 0.8611919439183109, -0.9278736673013538, 0.3815184354563659, -0.26267019183740037, -0.4217257776473939, -2.403665750650862, 1.1334857908893747], [-0.21000274297439067, -0.9578710508675835, 0.6557318314150931, -3.8190754011125896, 6.068229479720754, 0.4704020994316215, -0.5883771449944192, -0.14069817919548713, 0.6992747360662595, 0.9834810361037513, -0.299875602737152, 10.535885383756968, -1.3253837262180757, -0.5899636698620618, -4.328184159972948, -0.6317644043149635, -2.6153063377697405, -0.40982387225755124, -2.7165470385443675, 1.1790571614969025, -0.4184032968012574, -2.032466419032617, 1.089360685732261, 2.064967209415425, -0.6280276536767065, -1.1472096102494567, 1.1553553600158624, 0.19765853809458558, -0.6053783650333184, -0.2847707951547663, 0.15704694305232036, -0.954900423593252, 0.6972555532818884, 0.4174423497557314, 0.6534351330907592, 3.0130063461052337, -0.17938533492974307, -0.44300371891377627, 0.32023363091211443, -0.5531873007600184, 1.8082753721881561, -1.1312324943741128, -0.4361541447383715, 1.668353530142794, -2.670938194850804, 0.08299027668641856, -1.7326227009825015, 0.11060094475948723, -1.2583447460990262, -0.425954550326775], [4.1746791521117155, 2.9327474905257467, 0.6485921077667156, -1.12955792491846, 0.9987019930698553, -0.7702094663416681, -5.581855234607247, 0.5762232164820359, 0.0, 1.523250698067156, -0.2773675743036721, -1.3253837262180757, 18.427040164723643, -1.8609046818265642, -0.551212557989929, 0.2856272024335405, -3.3275757309819234, 2.185197193739892, 0.6524551544976886, 0.7162996072012752, -0.05179256549805781, 1.8045699237564352, -2.951650617890485, -2.619476060855266, 0.873080299200276, -0.5725402954791668, 0.3853849789704646, 1.4181807363440173, -1.984683951312371, -2.8912458799305374, -0.9042531160053836, -0.19516089426117655, 1.0832195206357655, -3.1129393946661015, 0.4264262325743029, -2.1801131360815376, 1.9217226782331882, 0.18108114450974055, 1.3382782493194456, 3.4943241073536124, -1.159185604851965, -0.9419808328681902, -0.35169194294289735, 1.2719002302888323, -0.33279627621853625, 0.05385239401735682, 2.893633658909152, -2.1341437926496982, -1.885605770872946, 0.7188459543274008], [1.997965820345477, -0.9316425164592693, 0.12728261721200343, -0.12307456542914481, -5.85923874958182, 0.11467431504987863, 1.7737039923146976, 0.22502518335787586, 0.11839283002059635, 2.7231141559913636, 2.4208773982917533, -0.5899636698620618, -1.8609046818265642, 16.226112388435777, 1.9527790302924637, -3.785065779080697, 3.454393391760677, -1.1964300680972395, 3.553607063721666, -2.7904668238396155, -0.10484361632977678, 0.16548593732495925, 0.06774939209396152, -3.6357833752525295, 0.9115323275675971, 4.807605712084171, -3.3510958974715703, -1.0777117179347087, -1.061946696227061, -1.593628549480509, -2.203257140917507, 2.518146396544337, -0.36520172210409985, 0.1486453480368257, -4.705996810033316, 5.714754928547578, -0.46255615871608596, -4.445775220658582, 0.570453688417917, 0.4838532690544063, 1.0549733841690239, 0.7440562423170682, -1.509820733803701, 0.5514879152300528, -0.3545258083283261, 0.8534911249986739, -3.2258220338349384, -1.5298862796922212, 0.6217005342417178, -0.15654879583011547], [1.5163321637297102, -0.23738574923433256, 2.7293269491083785, -1.116523904783955, -0.3388842287203839, -1.3071003118148596, 1.5985189926393641, 0.13141145506096386, 0.48397853527414353, -1.3976815742854298, -0.5003429808382649, -4.328184159972948, -0.551212557989929, 1.9527790302924637, 14.847212511177483, 0.05766698909303635, 0.44398919328773645, 0.5571663138207784, 1.645667136469635, -1.0312543334625193, -1.2854616496644524, 2.4154618496194438, -1.6686248790983713, 1.4443430859100885, 0.2529470500047153, -0.10974570774598028, -2.597188405130983, -0.7450928863306578, 0.9469820801168195, -0.720591520528073, -0.4888419992553357, 2.5430924357795397, 0.37357339114904786, -0.7242630760403633, -0.03992845601116537, 1.168238474310204, -0.41434954430454224, -0.7661120157103792, -0.09793442974962036, 0.5144149392863325, -1.5074867095645357, 0.3668873773910312, 1.5424154539316601, -1.7871440819739712, -0.663746136105157, 1.2873036750327187, -2.1138598786221423, 1.1521226958981825, 0.7843576021809989, 0.16643789971227435], [-0.9061006630597697, -0.7201434917983287, -0.7529425526442028, 0.45596329982352124, 4.595067516025217, -0.04330454693310556, -1.1371835958535677, 0.879835573350854, -0.3621858913060573, -2.2808174123081657, -2.3440964857707725, -0.6317644043149635, 0.2856272024335405, -3.785065779080697, 0.05766698909303635, 8.390090171001837, 2.1080412920610234, -0.016307814911937012, 0.05717601646546826, -0.6841948641972766, 0.5235708542510233, 0.9971826178553752, 0.33117521173848474, -0.9940727918542324, -1.0904220867560124, -0.5320019114960692, -0.43355425582632245, -1.37753616719118, 1.1249026819305985, 3.0896198064577627, -1.7415983832207635, 1.3143098877012103, -0.4243283793318519, -0.5094568467227482, 4.945928907392887, -1.3061748091021104, 1.1707944894597901, 1.9583636297732467, 0.0, -0.8009278193427518, 0.08744464618801978, 0.9822055769787216, -0.20871986455887137, 0.3404528039275789, 0.21382259092439343, 0.0, -0.056788292886304215, 0.1875389036257961, -0.677914701173769, 0.38323628518867164], [-5.2346302435206375, -2.961849354879754, -2.757882103809285, 1.7831583290799315, 0.4768675936060514, 2.3979276971998376, 1.738389319163499, 0.7535382592450202, 0.605744712195299, 2.8079179461711976, -2.960514452490789, -2.6153063377697405, -3.3275757309819234, 3.454393391760677, 0.44398919328773645, 2.1080412920610234, 23.962352087133837, 0.49211072384418236, 3.7396868298244472, 1.5407637517336044, 1.556978669628087, -0.12258368240419398, 4.054602598933953, -1.6043092429863153, 0.03395476355946365, -0.9635611847677301, -1.1073783083639797, 0.3311024859525616, 0.5292007501966693, -0.1388897840536336, -1.5060004976814718, 0.9279476933608957, 2.576902431119371, -0.32676921898704325, 0.7109520935493082, 0.34769342230767325, -2.246742127355388, -1.9585170969622578, -1.3497206728636106, -3.7869170356701813, -1.3021794022486115, 3.0003564627948327, -1.4218099840604828, 0.9510151302508373, -0.150556817606716, -4.126364565097538, -1.2564271032881362, 0.04053030321692943, 2.402125211970291, 3.6610468121392423], [-0.11461726641845477, -0.5454226609023677, -1.5689272032831367, -0.25217352995798487, 0.7274726212497834, -0.19538169324304852, -3.2410546377244005, 0.0, -0.04037207546778315, 0.18287139504732017, 1.1931882792796458, -0.40982387225755124, 2.185197193739892, -1.1964300680972395, 0.5571663138207784, -0.016307814911937012, 0.49211072384418236, 6.052893604283741, -0.7289383219003017, 2.1134759818929236, -0.011640777385035932, 0.0025349112883215333, -0.09874084166617199, -1.6035658424398305, 0.7894205279181535, 0.09991892269865466, 0.9638193655417728, -2.3877968872515583, 0.1391063570428858, 0.039604571221581356, 0.0, 1.8064736124794258, -1.4251169408073814, 1.032819358532747, -0.5999943972032447, 1.9017100917671417, -0.021976207366416423, -1.2315445190107523, -0.40391437479579945, -0.12696150055034755, 0.7662103126279518, 0.03602468337307024, 1.1865693011004435, 0.6982756560766252, -2.5410775153446763, -1.090993069285152, 0.0, -0.9258544284419566, 0.9206816433727714, -0.46281468504919787], [0.4831585942204419, 1.2599264192993112, 1.982753996109811, 4.398938827200808, 0.16066138517677514, -0.17584111659684934, 2.296343517880027, 0.5757136707187679, 0.30707782561785324, 1.9148608559764728, -1.8126176828041392, -2.7165470385443675, 0.6524551544976886, 3.553607063721666, 1.645667136469635, 0.05717601646546826, 3.7396868298244472, -0.7289383219003017, 10.069753083402993, -1.9499885679580682, 0.7596600993098428, 0.1894460456799519, -1.1482807196831912, 0.5377266068202678, 1.115491927233232, -2.4974437875743707, -1.3132108592324205, 2.6280839604133233, -0.9055736878193402, 0.31215242388929243, 0.0, -0.13647780915757624, -3.2869142289895072, -0.9600135418955453, -0.22544568636564588, -1.628738886030157, -0.7034968559648972, -1.4783762581169728, -0.6478389494381482, 0.0, 1.2284658740878855, 0.5567249631743719, 0.24082896610338397, -1.9281905786951155, -0.5833665053989253, 0.0748110934135691, 0.9038437288830793, -1.4740137407016314, -0.440483139762125, 0.0], [-0.7699146281569906, -0.09906075174380276, -2.3136759292294, 1.1967362005876314, 1.2154380417606498, 0.0, -1.8253989919155746, -1.1036482461474117, 0.019151105996212506, -1.4136962788395329, -0.17224170166852, 1.1790571614969025, 0.7162996072012752, -2.7904668238396155, -1.0312543334625193, -0.6841948641972766, 1.5407637517336044, 2.1134759818929236, -1.9499885679580682, 13.12786857567534, -0.3891248561025559, -2.397232796672204, 1.449442095389059, -0.08856352298434818, 0.9677155123486069, 1.410515588890093, 1.3558410609463332, 1.0162545045483602, 0.21537854796390618, -0.04312668249689438, 1.2494690862415558, -1.1817609013917094, 0.6760258241412356, -0.45666290348478483, -0.4158245443000795, 2.580895309597167, -1.3279725459206693, 0.7185919930790398, 0.32871631760431547, -2.7563540209499604, -0.5131433339539045, -0.8209230196798614, -0.7028528514762628, 1.0153513273320056, -2.002931040114368, -1.66093627357114, -0.0985545382460994, -0.7191192354659901, -0.7933017922696289, 1.0362677740969917], [-0.4195402934300638, -1.7063800771178914, -1.8060332638835817, 0.40238678375608744, -0.7787676604481992, 0.7165151267382277, -1.5461230629344365, 0.0, -0.03694072122370781, -1.3510952890256374, -0.5677975679998964, -0.4184032968012574, -0.05179256549805781, -0.10484361632977678, -1.2854616496644524, 0.5235708542510233, 1.556978669628087, -0.011640777385035932, 0.7596600993098428, -0.3891248561025559, 7.6490207739463445, -2.266921618279678, 0.04398421457192117, -1.256679357687834, -0.20250193784570414, -1.774942715665949, 0.1386473737442172, -0.5760332359836143, -0.16936968746412304, 2.4387924130216927, -5.635018474385957, 0.08603604777752792, -0.9217729934728955, -0.09650476197457501, -0.9064172325038473, 0.4233855949246194, -0.7324254852902826, 2.5741877103342556, 0.9274757279416074, 0.4602039117690852, 0.6173772551804, -0.22286720454689893, -1.4067339109792942, 0.33063435165826693, 0.13288344849616102, -1.3141991691218562, -3.5905782267928905, 0.42424129492163865, 1.975247048432075, 4.401797926330987], [-0.7561840233235821, -1.4497644232566673, -0.7807751281370903, 0.722774524482918, 0.01774839249018702, -1.546762873365217, -1.290508534585097, 0.08400939906151311, 0.0, 0.7928749660824383, 0.2787674227108476, -2.032466419032617, 1.8045699237564352, 0.16548593732495925, 2.4154618496194438, 0.9971826178553752, -0.12258368240419398, 0.0025349112883215333, 0.1894460456799519, -2.397232796672204, -2.266921618279678, 9.205370036136244, -0.053887361769255834, -1.1414146711938866, 0.22578639582737717, 0.9628156488775891, -1.311814730664891, -2.559038642655859, -2.0125763980297773, -0.526829037582209, 2.471348220515625, 0.9144018662927114, 0.0, -1.006904859450507, -0.46997739629211616, -1.5438853332105391, 2.9822344153428038, -0.8953127790795776, 0.25315034173068474, 0.0, -0.34168757869052613, 0.3253211704503473, -0.4389979635160323, -0.03277748089914994, -1.1856250105414576, 0.9406081901460731, -0.6378784227182018, -2.757657803531211, 0.05340131062607103, -1.319743836713304], [-2.5235375422726523, -0.20285024491114761, -0.862820066875974, 2.2493905650351866, 4.040833165248995, 0.022000658648164213, 4.656711827188716, 0.42586742955017154, -0.5917167953456233, -0.8383778712422364, 0.14942760507026334, 1.089360685732261, -2.951650617890485, 0.06774939209396152, -1.6686248790983713, 0.33117521173848474, 4.054602598933953, -0.09874084166617199, -1.1482807196831912, 1.449442095389059, 0.04398421457192117, -0.053887361769255834, 8.341103240370462, -2.7759729708444216, -3.075247686815813, 0.004623522752193722, 1.7760108358513225, 1.1970856867102473, -0.9845793498229921, -0.39394107020555386, 0.03118474527703104, -0.39844208831995315, 1.1178349186738716, -0.5774531286386416, -0.08573493464490708, 0.6018277397116772, -2.066905493946712, -0.6837790079351315, 2.353317337692535, -2.9959865723071872, 0.3072980376361811, 2.0262291033874726, 0.0, -0.14966459561592874, -0.667726662506072, -2.896076415587489, 0.2335679845708865, -0.5054736132319507, -1.1396708130682338, 0.5446745281636342], [-2.560229851990162, 2.0201937586476544, 0.8594539106417853, -2.1930800152995094, 1.579033182206668, 0.0, 1.9881643412299914, -0.4955400987756161, -0.07271998165866042, -0.08907192408542036, -0.7124772661063162, 2.064967209415425, -2.619476060855266, -3.6357833752525295, 1.4443430859100885, -0.9940727918542324, -1.6043092429863153, -1.6035658424398305, 0.5377266068202678, -0.08856352298434818, -1.256679357687834, -1.1414146711938866, -2.7759729708444216, 11.049859193115545, 1.298460701113187, -0.720295509929065, -0.22262946287581292, 0.4048102595946986, 0.3693334570657963, 0.9890939407353799, 1.3946385957087581, -2.079664667024685, -0.03963600447341776, 1.4224209460341295, 0.46878102608874583, -5.101971587822269, -0.337421048248609, -1.944629589388591, -3.6299442768248738, 0.0, -2.111886789125291, -0.2271089455768259, 0.29062388886034835, -0.7856162815229137, 1.0099775684873602, -0.5937673359921227, 0.44434118089225627, 2.966249042480733, -3.1130716417721067, -0.9928778747569748], [2.289139357400351, -1.5186270519904226, 0.3264724741620147, 0.02808138228934223, -3.3451139291860175, -0.009314409246475416, -4.119351712895207, 0.0, 0.0, -0.26509381537785054, 1.3434826138137013, -0.6280276536767065, 0.873080299200276, 0.9115323275675971, 0.2529470500047153, -1.0904220867560124, 0.03395476355946365, 0.7894205279181535, 1.115491927233232, 0.9677155123486069, -0.20250193784570414, 0.22578639582737717, -3.075247686815813, 1.298460701113187, 4.526799148068874, 0.3611055995003963, -0.3471539315512435, -3.5396378938802626, 0.10504027079657889, -0.4638020202191427, -0.3457891439435985, 0.09273928606206434, -0.6473366956983967, 0.8492372779103522, -1.9201736918516077, 1.1792969192810532, 0.02684892572072969, -0.020442109294236527, -2.061453783956583, -0.038435703277047054, 0.6513986122741188, -0.4823500571581525, 0.17235724525783513, 0.25241583439747656, -1.0712760191237811, -1.4631470255400398, -0.7748664504300221, 0.12287252986188286, -1.776094107084798, -0.26796243726522373], [-0.6131821472413875, -1.0658205196585742, -2.594855145880511, -1.184382967212564, -8.420221615853485, -1.1956646520680756, -1.0605703778605409, -0.6481953657685967, 0.4383062483535173, -0.25328609598564933, 2.3325533161363814, -1.1472096102494567, -0.5725402954791668, 4.807605712084171, -0.10974570774598028, -0.5320019114960692, -0.9635611847677301, 0.09991892269865466, -2.4974437875743707, 1.410515588890093, -1.774942715665949, 0.9628156488775891, 0.004623522752193722, -0.720295509929065, 0.3611055995003963, 18.93741386038702, -0.7904286696420486, -2.9371995606590637, -3.9928870499029836, -0.7224622732231708, 0.0, 0.7322989434039587, -0.9679152325886409, 1.9836021380863202, -0.2831049108835112, 1.9178268312469304, 1.4035410319444857, -1.5998417068649666, 0.27912709482328907, 0.1361867140114952, 0.5480757375159934, -0.2639687760380252, -1.8962113992350185, 0.33369654275174293, -2.2089685261719914, -0.14494562337338315, -2.520351588545688, -3.367561120805771, 2.3255134469098575, -1.4748236085233726], [3.624208642345617, -1.959992285055861, 0.0644076121118401, -0.8286724348215161, 0.3869721749971248, 0.0, -0.405953911021805, -0.17566294913331557, -0.8338245281983488, -1.584540502179809, -1.101370409420095, 1.1553553600158624, 0.3853849789704646, -3.3510958974715703, -2.597188405130983, -0.43355425582632245, -1.1073783083639797, 0.9638193655417728, -1.3132108592324205, 1.3558410609463332, 0.1386473737442172, -1.311814730664891, 1.7760108358513225, -0.22262946287581292, -0.3471539315512435, -0.7904286696420486, 7.377043015296281, 1.7487737134378931, 0.7460808366959035, 0.2864877353093414, 1.5511103322642972, -1.3118090609910487, 0.4967621175015306, 0.061973554741325224, 1.532904636822351, -0.7020753662424806, 0.06041618924408117, 0.7885943285521114, -0.3690899861351712, 0.10334245735818767, -0.461140675788978, 0.4621750296042997, 0.0019271705522601907, 0.8386214341278903, 0.7133161096895045, -2.6841963874872494, -1.3922568185237172, -0.43260567893060103, -0.46744172088491026, -0.006375679601757014], [3.461390676253304, 2.9689626356159415, -1.083264936408817, 1.540838603548623, 0.5031815888127243, -0.4208836295947154, 3.0954352201646484, -0.03759534179107706, -0.2647422498015413, 2.0590228927467384, -3.206449501650672, 0.19765853809458558, 1.4181807363440173, -1.0777117179347087, -0.7450928863306578, -1.37753616719118, 0.3311024859525616, -2.3877968872515583, 2.6280839604133233, 1.0162545045483602, -0.5760332359836143, -2.559038642655859, 1.1970856867102473, 0.4048102595946986, -3.5396378938802626, -2.9371995606590637, 1.7487737134378931, 21.398104191415573, 0.26005600471384926, 0.560990821284899, 1.0007048217985357, -1.0503224161747822, 0.8884624054739148, -1.346952412113836, 0.2167974150170899, -3.063295267855805, -1.1456028870422148, -0.5428990939523574, 1.4468961372088605, 0.1632482372520047, 0.5617873709346413, -0.12603213077651546, -0.5712571470034875, -2.9784677034281755, 2.0722611740753787, 1.7994312435253998, 1.1276169224147874, 3.0175988265808593, 4.393965100679589, -0.9857575678149759], [1.2789292662968925, -0.2308052444362408, 0.7819526564210325, 0.5528789901314356, 0.7784621793030917, -0.017083475216607243, -1.2931539088444572, -0.02779330602606784, -0.6178733841811054, 2.37696859403783, -0.7049666589779578, -0.6053783650333184, -1.984683951312371, -1.061946696227061, 0.9469820801168195, 1.1249026819305985, 0.5292007501966693, 0.1391063570428858, -0.9055736878193402, 0.21537854796390618, -0.16936968746412304, -2.0125763980297773, -0.9845793498229921, 0.3693334570657963, 0.10504027079657889, -3.9928870499029836, 0.7460808366959035, 0.26005600471384926, 10.457399503293649, -0.5786604716262806, 1.1730249503569163, 0.8893628005525891, -0.1001911310758446, 0.3531759826440117, 0.7391921777480466, -0.9712658541204554, -0.2960181488693077, 1.4234228947704084, -0.005934083725267059, 0.9531162915911171, 0.9058866624181444, 2.60692329231056, -0.04318979705861598, 0.7107743570917664, 2.6993735519778688, 0.7658222346472167, 0.7943309868696552, 3.5931819685336555, 0.921977431170489, 0.24311347863853397], [1.4420103880818014, -2.235792811520451, -2.3348508773209686, -2.164167340665793, 4.474580191910726, 0.4754252051882231, -2.1545894115209037, 0.9128946123441796, -0.796196195772263, -1.369257938478097, -0.5297498818253984, -0.2847707951547663, -2.8912458799305374, -1.593628549480509, -0.720591520528073, 3.0896198064577627, -0.1388897840536336, 0.039604571221581356, 0.31215242388929243, -0.04312668249689438, 2.4387924130216927, -0.526829037582209, -0.39394107020555386, 0.9890939407353799, -0.4638020202191427, -0.7224622732231708, 0.2864877353093414, 0.560990821284899, -0.5786604716262806, 12.604268665590789, -3.787476109647045, -0.9739640008797387, -0.8556398341266764, 0.8044691687114148, 0.7919605800667167, -0.6765009040595794, 1.0648172580116035, 2.2417969437120275, 0.13137916656075066, -1.8854441558083266, 3.8566293336195554, 1.1408446022695469, -1.217789921210314, -0.9647262502620234, -1.2828119023157543, -0.3761311791780113, -3.4480794044297887, 3.623752321637569, -2.4179289423667583, 0.840307442858409], [-0.20260207253372625, -1.815075040746888, 2.117287331372564, 0.0, 1.05353991359002, -1.0483021848271226, 2.752570171266186, -0.2779676103806247, 0.0, 4.031482995931916, 3.3741913941424033, 0.15704694305232036, -0.9042531160053836, -2.203257140917507, -0.4888419992553357, -1.7415983832207635, -1.5060004976814718, 0.0, 0.0, 1.2494690862415558, -5.635018474385957, 2.471348220515625, 0.03118474527703104, 1.3946385957087581, -0.3457891439435985, 0.0, 1.5511103322642972, 1.0007048217985357, 1.1730249503569163, -3.787476109647045, 18.6222533669639, 0.7275339729017409, 0.0, 0.0, 1.08292376617157, 0.0, 1.7082412056165925, -0.7884849652797855, -2.9936278615112353, -4.524016301046138, -3.089932421323803, 0.7022767609736527, -0.34417611859246444, -0.1074187051494577, -0.1529004452217355, -0.6995301199763385, 4.762155348792046, 0.0, 0.46800732075399876, -5.5098625912874475], [0.9971217495215526, -0.30191736779672174, 0.25389753939117543, 0.08306445883000013, -0.6460577613508206, -0.1275947471396772, 1.3961631675647994, -0.03395601525795743, 0.119589969293645, 0.6381203542228316, 0.7922358396720729, -0.954900423593252, -0.19516089426117655, 2.518146396544337, 2.5430924357795397, 1.3143098877012103, 0.9279476933608957, 1.8064736124794258, -0.13647780915757624, -1.1817609013917094, 0.08603604777752792, 0.9144018662927114, -0.39844208831995315, -2.079664667024685, 0.09273928606206434, 0.7322989434039587, -1.3118090609910487, -1.0503224161747822, 0.8893628005525891, -0.9739640008797387, 0.7275339729017409, 9.684876851670829, -0.09445343880460921, 2.47544110948155, 0.10828459079356707, 0.5969215302993612, -0.1987974206811642, 0.17641624231930841, -0.8869727345855394, -0.9095313270965804, -0.11041476482170298, 0.017978538385475643, -1.4572315376532075, 0.7985083400215848, -2.3382490802242546, 1.8815674271711862, 1.2320875999192635, -1.2870713918406451, 2.843895231412511, -0.06509192091837655], [1.0798674676964957, 0.0, -0.9883086660683518, -3.4122187486041407, 0.5192713408539813, 0.21011246758806745, 2.8472617540492617, 0.04995378631014501, 0.2967626415188048, -1.1758105260042313, 0.032087828637578156, 0.6972555532818884, 1.0832195206357655, -0.36520172210409985, 0.37357339114904786, -0.4243283793318519, 2.576902431119371, -1.4251169408073814, -3.2869142289895072, 0.6760258241412356, -0.9217729934728955, 0.0, 1.1178349186738716, -0.03963600447341776, -0.6473366956983967, -0.9679152325886409, 0.4967621175015306, 0.8884624054739148, -0.1001911310758446, -0.8556398341266764, 0.0, -0.09445343880460921, 8.30389822296965, -1.356897140218399, 0.0, -2.8089485834199186, 0.17110347676578883, 0.12489552841309284, -1.5444278665493882, 0.32261666684240853, 0.12738556947756785, -0.05560168706034202, 0.0, 1.6081711308846967, 2.3127272613765166, 0.2359166960097312, 2.121355631018463, 1.5835167450547556, -3.902474452110062, -0.41329244243263635], [-1.3553060461236945, 1.0563509795121169, -0.7157974127671961, -0.975184058154233, -1.5935935682192068, 0.9704481199448997, 2.3630922333473414, 0.8242848572467909, -0.09996756972423664, 0.745528609593283, 0.435742684822326, 0.4174423497557314, -3.1129393946661015, 0.1486453480368257, -0.7242630760403633, -0.5094568467227482, -0.32676921898704325, 1.032819358532747, -0.9600135418955453, -0.45666290348478483, -0.09650476197457501, -1.006904859450507, -0.5774531286386416, 1.4224209460341295, 0.8492372779103522, 1.9836021380863202, 0.061973554741325224, -1.346952412113836, 0.3531759826440117, 0.8044691687114148, 0.0, 2.47544110948155, -1.356897140218399, 8.550760641012051, -0.805762120863728, -3.4643738694902595, -0.36138422349867305, -1.7439347045019045, -1.8438036056295857, 0.33180284564377777, 0.5427457544532923, -0.05240789769822707, -0.2587418985413091, -0.5559781995825642, -0.3424598135116923, -1.488389676508826, -1.4796406139594733, 0.5551203646594228, 4.508084524756563, 0.5589085579598927], [0.3465376630947094, 0.9501215535188661, 0.5083170876925411, -0.8134894240911685, 3.5007747721612645, -0.14249545837663735, 1.137796621053093, 1.2879621085389754, 1.3710248675100167, -0.4378350901018743, -4.226789133949914, 0.6534351330907592, 0.4264262325743029, -4.705996810033316, -0.03992845601116537, 4.945928907392887, 0.7109520935493082, -0.5999943972032447, -0.22544568636564588, -0.4158245443000795, -0.9064172325038473, -0.46997739629211616, -0.08573493464490708, 0.46878102608874583, -1.9201736918516077, -0.2831049108835112, 1.532904636822351, 0.2167974150170899, 0.7391921777480466, 0.7919605800667167, 1.08292376617157, 0.10828459079356707, 0.0, -0.805762120863728, 10.306240933171727, -1.0535049418228641, -0.6113582397019329, 1.93678084455738, 0.02476598868253008, -0.5109781785325752, -2.3590890444551857, 2.484565362073371, 0.5048287492281395, 0.3049559909717261, 0.22503815359865467, -0.2630952584317635, 4.366216737840977, -0.42783289497456356, 0.0, 0.6761002022759821], [4.902060690416905, -1.647022884397392, -1.4419492253952095, -2.4028644900301783, 1.6672787988212896, 0.6176546278073685, -7.6357380462866375, 0.4340874302795096, 0.05932585051950962, -3.7267884725993725, -0.13480511690762728, 3.0130063461052337, -2.1801131360815376, 5.714754928547578, 1.168238474310204, -1.3061748091021104, 0.34769342230767325, 1.9017100917671417, -1.628738886030157, 2.580895309597167, 0.4233855949246194, -1.5438853332105391, 0.6018277397116772, -5.101971587822269, 1.1792969192810532, 1.9178268312469304, -0.7020753662424806, -3.063295267855805, -0.9712658541204554, -0.6765009040595794, 0.0, 0.5969215302993612, -2.8089485834199186, -3.4643738694902595, -1.0535049418228641, 23.893708038665846, 0.26274262716468144, 3.750003185106811, 3.716387059340827, -1.265966463054368, -0.9949611692657229, -0.30574319338456435, -0.7288867261531526, -0.05816483827579434, -7.395867228915092, -1.5816951973789188, -3.8726460833418463, 0.7929259676112993, -0.31953334847683534, 1.086072769469101], [1.3107638150369778, -0.2746561913930938, -0.6948094286375929, -2.050939903677201, 1.6554031178266002, -0.5107747861399013, -2.8369929626619497, 0.0988484771127599, 0.0, -0.08614731883098457, 0.735875318077129, -0.17938533492974307, 1.9217226782331882, -0.46255615871608596, -0.41434954430454224, 1.1707944894597901, -2.246742127355388, -0.021976207366416423, -0.7034968559648972, -1.3279725459206693, -0.7324254852902826, 2.9822344153428038, -2.066905493946712, -0.337421048248609, 0.02684892572072969, 1.4035410319444857, 0.06041618924408117, -1.1456028870422148, -0.2960181488693077, 1.0648172580116035, 1.7082412056165925, -0.1987974206811642, 0.17110347676578883, -0.36138422349867305, -0.6113582397019329, 0.26274262716468144, 5.387128360410148, 0.9032442423311514, -0.10933552721884601, 2.260242628616828, 0.6077587142821225, -0.1939133364153167, -0.15603956360216809, -0.41637386387012765, -0.1270155185723621, 1.0370939683751312, -0.8494200577207053, -0.7908367967393126, 0.015904196346686172, -0.39284410991601687], [2.318338567852713, -1.0929660861745727, -0.8699563336798807, 0.0, 1.4692469184831871, 0.0, -1.0970633370900869, -0.022414497828677337, -0.08090909364593746, -1.313940460175262, -0.7301955205023977, -0.44300371891377627, 0.18108114450974055, -4.445775220658582, -0.7661120157103792, 1.9583636297732467, -1.9585170969622578, -1.2315445190107523, -1.4783762581169728, 0.7185919930790398, 2.5741877103342556, -0.8953127790795776, -0.6837790079351315, -1.944629589388591, -0.020442109294236527, -1.5998417068649666, 0.7885943285521114, -0.5428990939523574, 1.4234228947704084, 2.2417969437120275, -0.7884849652797855, 0.17641624231930841, 0.12489552841309284, -1.7439347045019045, 1.93678084455738, 3.750003185106811, 0.9032442423311514, 9.720442733528301, 1.2827636767588526, 0.0, 0.10470172607672473, -1.366600109775114, -0.9303690498153686, -0.013988279424520257, -0.053255893852764837, -0.3869346437492332, 0.1497945660466513, 2.9073366931616387, -0.33238240139681496, 1.9908305163909346], [0.9232851311137026, 1.1612542829033392, -1.030949728598085, 1.152503538157159, 1.6237677801631185, 0.0, -0.6914822147363018, 0.5963442670572376, 0.0, -0.7364880787839669, -1.9848762882243531, 0.32023363091211443, 1.3382782493194456, 0.570453688417917, -0.09793442974962036, 0.0, -1.3497206728636106, -0.40391437479579945, -0.6478389494381482, 0.32871631760431547, 0.9274757279416074, 0.25315034173068474, 2.353317337692535, -3.6299442768248738, -2.061453783956583, 0.27912709482328907, -0.3690899861351712, 1.4468961372088605, -0.005934083725267059, 0.13137916656075066, -2.9936278615112353, -0.8869727345855394, -1.5444278665493882, -1.8438036056295857, 0.02476598868253008, 3.716387059340827, -0.10933552721884601, 1.2827636767588526, 7.381709310119569, 0.9106931573681284, 2.325154809064583, 0.315954974001097, 0.3431243913376608, -1.2572468795451994, -0.7648344216351846, 0.9488591009689613, -2.628605180332026, -0.38044578969970594, 1.026507219292717, 1.2876517914078212], [1.1566729123463726, 3.4848652399962634, 0.6753402110691932, -1.0741018196577847, -2.9391978097111076, 0.032924426626089805, -1.7814709120075518, 1.3632777964902132, 0.3867762753249325, -1.2606685128555897, -1.8661679644565452, -0.5531873007600184, 3.4943241073536124, 0.4838532690544063, 0.5144149392863325, -0.8009278193427518, -3.7869170356701813, -0.12696150055034755, 0.0, -2.7563540209499604, 0.4602039117690852, 0.0, -2.9959865723071872, 0.0, -0.038435703277047054, 0.1361867140114952, 0.10334245735818767, 0.1632482372520047, 0.9531162915911171, -1.8854441558083266, -4.524016301046138, -0.9095313270965804, 0.32261666684240853, 0.33180284564377777, -0.5109781785325752, -1.265966463054368, 2.260242628616828, 0.0, 0.9106931573681284, 8.093229663611599, 0.07691835073182272, -0.2874802834622497, 0.9379849764279649, 1.038055814685575, 3.5877564723276296, 0.7468583463304832, -1.880306108931993, -0.47767133384511407, 1.5169335010684168, 0.47021584248104265], [2.4723516920199335, -0.8847424081636859, -1.0393403495329074, -0.8073218922996805, 3.6390096246345993, -0.09524002793970748, -2.0762596573356156, -0.53465