n: 5
m: 41
H: [[1.0401472259722828, 0.0, 0.0060370892767630325, -2.064248550448164, 0.0], [0.0, 0.39605839245043184, 0.0, 0.0, 0.16497189967521883], [0.0060370892767630325, 0.0, 0.010070288939623983, -0.01116382141746746, 0.0], [-2.064248550448164, 0.0, -0.01116382141746746, 4.1713846808374635, 0.0], [0.0, 0.16497189967521883, 0.0, 0.0, 0.08049640213674372]]
g: [0.10854852571496944, -0.3120126807265213, -0.5688833852880855, -1.5849410116743161, 1.0553531574871278]
AI: [[-0.024193190232279643, -0.011920384730877948, 0.0, -0.36445614440167057, 0.0], [0.0, 0.0, 0.0, 0.0, 0.0], [0.0, 0.0, 0.0, 0.0, 0.0], [0.0, 0.0, -1.926579110154925, 0.0, 0.0], [0.0, 0.0, 0.0, 0.0, 0.0], [0.0, -1.1651534691921868, 0.0, 0.0, 0.0], [0.0, 0.0011694486508634285, 0.0, 0.0, 0.0], [0.0, 0.0, 0.0, 0.0, 0.0], [0.0, 0.0, 0.0, 0.0, 0.0], [0.0, -1.3430698847003868, 0.0, 1.0248446484906815, 0.0], [0.0, 0.9892520873966943, 0.0, 0.0, 0.0], [0.0, 0.0, 0.0, 0.0, 0.0], [0.0, 0.0, 0.0, 1.7077554439544642, 0.0], [0.0, 0.0, 0.0, 0.0, 0.0], [0.0, 0.0, -0.19363593777863136, -0.514307907691659, 0.0], [0.0, 0.0, 0.0, 0.3622179631189565, 0.0], [0.6956311621505675, 0.0, 0.0, 0.8976091745612625, 0.27512365837678854], [-1.106825479624805, 0.0, 0.0, 0.2592251314796339, 0.0], [0.0, -0.5269961522941317, -1.96711722316639, -0.7462014299378273, 0.0], [-0.5909129850609457, 0.0, 1.1391253458918849, 0.0, 0.0], [0.024193190232279643, 0.011920384730877948, -0.0, 0.36445614440167057, -0.0], [-0.0, -0.0, -0.0, -0.0, -0.0], [-0.0, -0.0, -0.0, -0.0, -0.0], [-0.0, -0.0, 1.926579110154925, -0.0, -0.0], [-0.0, -0.0, -0.0, -0.0, -0.0], [-0.0, 1.1651534691921868, -0.0, -0.0, -0.0], [-0.0, -0.0011694486508634285, -0.0, -0.0, -0.0], [-0.0, -0.0, -0.0, -0.0, -0.0], [-0.0, -0.0, -0.0, -0.0, -0.0], [-0.0, 1.3430698847003868, -0.0, -1.0248446484906815, -0.0], [-0.0, -0.9892520873966943, -0.0, -0.0, -0.0], [-0.0, -0.0, -0.0, -0.0, -0.0], [-0.0, -0.0, -0.0, -1.7077554439544642, -0.0], [-0.0, -0.0, -0.0, -0.0, -0.0], [-0.0, -0.0, 0.19363593777863136, 0.514307907691659, -0.0], [-0.0, -0.0, -0.0, -0.3622179631189565, -0.0], [-0.6956311621505675, -0.0, -0.0, -0.8976091745612625, -0.27512365837678854], [1.106825479624805, -0.0, -0.0, -0.2592251314796339, -0.0], [-0.0, 0.5269961522941317, 1.96711722316639, 0.7462014299378273, -0.0], [0.5909129850609457, -0.0, -1.1391253458918849, -0.0, -0.0]]
bI: [-0.6478924298452793, -0.34530214909730006, -0.06549785708449718, -0.2206278632094777, -0.13737324636325254, -0.7442959247372989, -0.3466906590240366, -0.5776642545443549, -0.1683529359218281, -0.03797170428436425, -0.8171767039909648, -0.8124648534420864, -0.18843565991918332, -0.3730623977515901, -0.7441921360335504, -0.18624777424797223, -0.41379780649844733, -0.23100531970115112, -0.6536229290588097, -0.7643747614252259, -0.7941545244270737, -0.7971970264776358, -0.15587412485432794, -0.9384336234710902, -0.5007693105501898, -0.7515330212908613, -0.6728559716137548, -0.9970839116536366, -0.7045578650617631, -0.013110877986228231, -0.7616672853396439, -0.26660352499592554, -0.037803112360684676, -0.1845442117450028, -0.3057730224350682, -0.7893039058996141, -0.482155932123866, -0.05033000899546958, -0.30402613262255984, -0.09533526464245079]
AE: [[-2.0869158539712482, 1.040773243675752, 0.3304259192638187, -0.32423852297326766, 1.3509554954688632]]
bE: [-0.8485091818947146]
