n: 5
m: 41
H: [[3.6194411789905883, 1.7007693142316151, 0.0, 0.0, 0.0], [1.7007693142316151, 0.8550014713573161, 0.0, 0.0, 0.0], [0.0, 0.0, 0.08482005021699054, 0.0, 0.0], [0.0, 0.0, 0.0, 0.4474068801410047, -0.3987167609390138], [0.0, 0.0, 0.0, -0.3987167609390138, 1.7675702544352931]]
g: [-1.0436107389684603, 0.3449258865639708, 1.8522742408889945, -1.2310697196828508, 0.3729548994438259]
AI: [[0.0, 0.0, 0.0, 0.0, 0.0], [0.0, -0.867454837048536, 0.0, 0.5890947643093385, -1.5278033208346897], [0.0, 0.0, 0.0, 0.0, 0.0], [0.0, -0.4523751517044896, -0.27546350031914696, 0.20282411499833922, 0.0], [0.0, 0.0, 0.0, 0.0, 0.0], [0.0, 0.0, 0.0, 0.0, 0.0], [0.0, 0.0, 0.0, 1.3723446757128606, 0.0], [0.0, -1.7239218959917018, 0.0, 0.0, 0.0], [0.0, -0.6777491499859581, 0.0, 0.07496051037851133, 0.0], [0.0, 0.727425699842889, -1.1029996541613347, 0.0, 0.0], [0.0, 0.0, 0.0, 0.0, 0.0], [0.0, 0.0, 1.7371888857677276, 0.0, 0.0], [0.0, 0.0, -0.37979188048493473, 1.9512462608112588, 0.0], [0.0, 0.0, -0.9426491187760261, 0.0, 0.3280637532708627], [0.0, 0.0, 0.0, -1.272520815747485, 0.0], [0.0, 0.0, 0.0, 1.3935855525752805, 0.0], [1.1500893734037474, -0.48097655522577937, -0.8569271517381937, 0.0, 0.0], [0.0, 0.0, 0.0, 0.0, 0.0], [0.0, 0.0, 1.373066394659314, 0.9579766819015259, 0.0], [0.0, 0.0, 1.0703462175670895, 0.0, 0.0], [-0.0, -0.0, -0.0, -0.0, -0.0], [-0.0, 0.867454837048536, -0.0, -0.5890947643093385, 1.5278033208346897], [-0.0, -0.0, -0.0, -0.0, -0.0], [-0.0, 0.4523751517044896, 0.27546350031914696, -0.20282411499833922, -0.0], [-0.0, -0.0, -0.0, -0.0, -0.0], [-0.0, -0.0, -0.0, -0.0, -0.0], [-0.0, -0.0, -0.0, -1.3723446757128606, -0.0], [-0.0, 1.7239218959917018, -0.0, -0.0, -0.0], [-0.0, 0.6777491499859581, -0.0, -0.07496051037851133, -0.0], [-0.0, -0.727425699842889, 1.1029996541613347, -0.0, -0.0], [-0.0, -0.0, -0.0, -0.0, -0.0], [-0.0, -0.0, -1.7371888857677276, -0.0, -0.0], [-0.0, -0.0, 0.37979188048493473, -1.9512462608112588, -0.0], [-0.0, -0.0, 0.9426491187760261, -0.0, -0.3280637532708627], [-0.0, -0.0, -0.0, 1.272520815747485, -0.0], [-0.0, -0.0, -0.0, -1.3935855525752805, -0.0], [-1.1500893734037474, 0.48097655522577937, 0.8569271517381937, -0.0, -0.0], [-0.0, -0.0, -0.0, -0.0, -0.0], [-0.0, -0.0, -1.373066394659314, -0.9579766819015259, -0.0], [-0.0, -0.0, -1.0703462175670895, -0.0, -0.0]]
bI: [-0.2869154096232418, -0.3793865550890967, -0.9401924104345833, -0.12291832581004791, -0.9802067278852157, -0.5403537836244806, -0.07839058241845209, -0.48103547637075106, -0.5705732028188387, -0.6137489787661536, -0.6172618016953183, -0.4289931250990495, -0.6072612225140316, -0.5996135980118477, -0.8594855141230272, -0.8310131074151735, -0.7379212876909548, -0.0931599099434981, -0.5319638710979459, -0.4899841789923799, -0.9145414338282462, -0.8201067659892842, -0.6537465891417319, -0.5988468176998843, -0.5435424094355293, -0.33925252327147737, -0.12274570606504409, -0.9865851369462139, -0.2470873657869621, -0.2800032055236139, -0.7786839012146233, -0.24588744158418696, -0.7716244602580424, -0.867193115268537, -0.8593343979316945, -0.8853833229934427, -0.6062777645148603, -0.34563680018827525, -0.7991034882241375, -0.6916720992526353]
AE: [[0.29728977946893353, -1.193380310022786, -0.5565137926827518, -0.7586056582401146, -0.8563401771543387]]
bE: [-0.6517904064702735]
