n: 10
m: 5
H: [[0.06482780289432699, 0.0, 0.0, 0.3306956778019169, 0.0, 0.0, 0.05286628269147228, -0.1516584569659011, 0.0, 0.0], [0.0, 3.126755604006647, 0.16893841587822364, -1.0380694129337, -0.9873673634581035, -2.7240123468018136, -0.21834875633670844, 0.16257355705385587, -0.15826137360159373, 0.46901070552800606], [0.0, 0.16893841587822364, 2.32961994351025, 0.0, -1.7529975829480493, 0.0, 0.0, 2.2322268340751936, 0.0, 0.0], [0.3306956778019169, -1.0380694129337, 0.0, 5.885649238452167, 0.0, 0.2186481900690329, 0.3188647048509233, -1.0911135161318646, 0.5263891265404783, -0.46294163413981826], [0.0, -0.9873673634581035, -1.7529975829480493, 0.0, 1.6311387660288514, 0.9390154692455175, 0.0752686969761399, -1.6869523197856136, 0.0, 0.0], [0.0, -2.7240123468018136, 0.0, 0.2186481900690329, 0.9390154692455175, 3.202245732282071, 0.238494558690129, -0.17497374550096365, -0.031449894128348636, 0.0], [0.05286628269147228, -0.21834875633670844, 0.0, 0.3188647048509233, 0.0752686969761399, 0.238494558690129, 0.08009195483974249, -0.14623272199990694, 0.0, 0.0], [-0.1516584569659011, 0.16257355705385587, 2.2322268340751936, -1.0911135161318646, -1.6869523197856136, -0.17497374550096365, -0.14623272199990694, 4.748683151335679, 0.0253702126836939, 0.0], [0.0, -0.15826137360159373, 0.0, 0.5263891265404783, 0.0, -0.031449894128348636, 0.0, 0.0253702126836939, 0.09964530209683689, -0.07057888230159565], [0.0, 0.46901070552800606, 0.0, -0.46294163413981826, 0.0, 0.0, 0.0, 0.0, -0.07057888230159565, 1.2538202984149234]]
g: [-1.5741552869440547, 0.6379529432248898, -2.044423021819915, 1.0694808861969303, -0.93376284091205, 0.7842081876539384, -0.6148757594173107, 0.3328924404889295, -1.3807170242722524, -0.2808062915267532]
AI: None
bI: None
AE: [[-0.10525713400117943, 0.0, 0.19033698496516738, 0.0, 0.0, 0.0, 0.0, 0.3609233775911353, 0.0, 0.1357538294764863], [0.0, 0.0, 0.0, 0.0, 0.0, 0.0, 0.0, 0.0, 0.29765044850834704, 0.0], [0.0, 0.0, 0.0, 0.0, 0.0, 0.7049813113327208, 0.0, 0.5806895417300261, 0.0, 0.0], [0.0, 0.0, -0.05981726366166916, 0.0, -1.0281157705875381, 1.794280843008586, 0.9611737664183551, 0.0, -1.466967885179526, 0.0], [0.0, 0.0, 0.0, 0.8926294715061621, 0.0, 0.0, 0.0, 0.0, 0.0, 0.0]]
bE: [-0.9553464447177047, -0.015483340011778864, -0.027376445585158626, 0.8178735122165649, -1.0546044694668375]
