n: 10
m: 5
H: [[2.8479808689906188, -0.1784614984925262, 2.483069565749271, 0.0, 0.0, 3.9891493353608567, -2.757724853084978, 0.02778908747964534, 0.1885341604573961, -0.026894025303694766], [-0.1784614984925262, 0.916325369520116, 0.0, 0.0, 0.0, 0.0, 1.2553772172341553, -0.19633207092187835, -0.8768203639256331, 0.19532175950821187], [2.483069565749271, 0.0, 5.278837315741041, 0.0, 0.0, 2.1731973106216773, -2.4478007912329023, 0.0, 0.8273625973627344, 0.0], [0.0, 0.0, 0.0, 0.01, 0.0, 0.0, 0.0, 0.0, 0.0, 0.0], [0.0, 0.0, 0.0, 0.0, 0.9413517484099699, 0.0, -1.349158311039817, 0.0, -0.42958702879835103, 0.0], [3.9891493353608567, 0.0, 2.1731973106216773, 0.0, 0.0, 7.145368091348198, -3.523154494202734, 0.0, 0.0, 0.0], [-2.757724853084978, 1.2553772172341553, -2.4478007912329023, 0.0, -1.349158311039817, -3.523154494202734, 7.410264871249023, -0.4628855427358299, 0.6223007700449089, 0.47288622753786247], [0.02778908747964534, -0.19633207092187835, 0.0, 0.0, 0.0, 0.0, -0.4628855427358299, 1.1379142705275478, 0.009052922114508869, -0.07201948340059142], [0.1885341604573961, -0.8768203639256331, 0.8273625973627344, 0.0, -0.42958702879835103, 0.0, 0.6223007700449089, 0.009052922114508869, 5.8591053114722955, 0.0], [-0.026894025303694766, 0.19532175950821187, 0.0, 0.0, 0.0, 0.0, 0.47288622753786247, -0.07201948340059142, 0.0, 0.08357547097548437]]
g: [1.8085432063675289, -1.4130679974822082, 2.523305085099418, 0.34731780090557945, -0.88735951265543, -1.0596172451724628, 0.34795146080345163, -1.558664452881952, -0.9950410264657443, 2.621152518208821]
AI: None
bI: None
AE: [[-0.10197468405690324, 0.0, 0.0, 0.0, 2.6191251834089053, 0.0, 0.0, 0.0, 0.0, 0.0], [0.0, 0.0, -0.1620941567359475, -0.6077258589185928, 1.4916138335563238, 0.0, 0.0, 0.0, 0.0, -0.3408864237925867], [0.0, 0.0, 0.0, 0.0, 0.0, 0.0, -1.7764482025456476, 0.0, 0.0, 0.0], [0.0, 0.0, 0.0, 0.0, 0.0, 0.6635929532459095, -1.8647213870208788, 0.0, 0.0, 0.0], [-0.18764498374928718, -0.004493458277290239, 0.6365025782557143, 0.0, 0.0, 0.0, 0.0, -0.3160808243765528, 1.6175081338076032, 0.0]]
bE: [0.5605178328080014, 0.40924503892910524, -0.607473088502764, 0.9340095536566356, -1.8437360916736003]
