n: 10
m: 100
H: [[0.06482780289432699, 0.0, 0.0, 0.3306956778019169, 0.0, 0.0, 0.05286628269147228, -0.1516584569659011, 0.0, 0.0], [0.0, 3.126755604006647, 0.16893841587822364, -1.0380694129337, -0.9873673634581035, -2.7240123468018136, -0.21834875633670844, 0.16257355705385587, -0.15826137360159373, 0.46901070552800606], [0.0, 0.16893841587822364, 2.32961994351025, 0.0, -1.7529975829480493, 0.0, 0.0, 2.2322268340751936, 0.0, 0.0], [0.3306956778019169, -1.0380694129337, 0.0, 5.885649238452167, 0.0, 0.2186481900690329, 0.3188647048509233, -1.0911135161318646, 0.5263891265404783, -0.46294163413981826], [0.0, -0.9873673634581035, -1.7529975829480493, 0.0, 1.6311387660288514, 0.9390154692455175, 0.0752686969761399, -1.6869523197856136, 0.0, 0.0], [0.0, -2.7240123468018136, 0.0, 0.2186481900690329, 0.9390154692455175, 3.202245732282071, 0.238494558690129, -0.17497374550096365, -0.031449894128348636, 0.0], [0.05286628269147228, -0.21834875633670844, 0.0, 0.3188647048509233, 0.0752686969761399, 0.238494558690129, 0.08009195483974249, -0.14623272199990694, 0.0, 0.0], [-0.1516584569659011, 0.16257355705385587, 2.2322268340751936, -1.0911135161318646, -1.6869523197856136, -0.17497374550096365, -0.14623272199990694, 4.748683151335679, 0.0253702126836939, 0.0], [0.0, -0.15826137360159373, 0.0, 0.5263891265404783, 0.0, -0.031449894128348636, 0.0, 0.0253702126836939, 0.09964530209683689, -0.07057888230159565], [0.0, 0.46901070552800606, 0.0, -0.46294163413981826, 0.0, 0.0, 0.0, 0.0, -0.07057888230159565, 1.2538202984149234]]
g: [-1.5741552869440547, 0.6379529432248898, -2.044423021819915, 1.0694808861969303, -0.93376284091205, 0.7842081876539384, -0.6148757594173107, 0.3328924404889295, -1.3807170242722524, -0.2808062915267532]
AI: [[0.0, 0.0, 0.0, 2.2733451580174817, -0.389458024303482, 0.0, -1.418596463015558, 0.0, 1.5465367554715088, -0.9514717506480398], [0.8721618593534538, 0.0, 0.0, -0.4147646344054664, 0.0, 0.0, 0.0, 0.0, 0.0, 0.8828376605093898], [0.0, 0.0, 0.0, 2.1188862122299916, 0.0, 0.0, 0.0, 0.0, 0.0, 0.9264563586203222], [0.0, 0.0, 1.263740530766387, 0.0, 0.0, 0.0, -1.4982956373719307, 0.0, 0.0, 0.0], [0.0, 0.0, -1.064831152863006, 0.0, 0.0, 0.0, 0.42801284098942743, 0.14697465045721628, 0.0, -0.38332330626590333], [0.0, -1.01907278536807, 0.0, 0.0, 0.0, 0.0, 0.0, 0.0, -0.015483340011778864, 0.0], [0.0, 0.0, 0.0, 0.0, 0.0, 0.0, 0.0, 0.0, 0.0, 1.794280843008586], [0.0, 0.0, 0.0, 0.19033698496516738, -0.9069872254048804, 0.0, 0.0, 0.0, 0.0, -1.5514339440906522], [0.0, 0.0, 0.0, 0.3561598303893801, 0.0, 0.0, 0.0, 0.0, 0.0, 0.0], [-0.11120399981026909, 0.0, 0.9584138362132985, 0.0, 0.0, 0.0, -0.004856944651029909, 0.0, 0.0, 0.0], [0.0, 0.0, 0.0, 0.0, 0.0, 0.0, 0.0, 0.0, 0.0, 0.0], [0.0, 0.0, 1.389602828146591, 0.0, -0.021880874338765014, 0.0, 0.0, 0.10871179962738556, 0.0, 1.4798487751985527], [0.0, 0.0, 0.0, -0.08008733535248917, 0.0, -1.147719972825, 0.0, 0.0, 0.0, 0.9611737664183551], [0.0, 0.7049813113327208, 0.0, 0.0, 0.0, 0.0, 0.0, 0.0, 0.013033899766550932, 0.0], [0.12701223937179829, 0.0, 0.0, 0.0, 0.0, 0.0, 0.0, 0.0, 0.8926294715061621, 0.0], [-0.011443447469728663, 0.0, 0.0, 0.0, -0.5361601001790223, 1.8723191173207203, 0.0, 0.0, -0.14089855446735033, 0.0], [0.0, 0.0, 0.0, 1.4803285611721635, -1.8018879690065603, 0.0, 0.0, 0.0, 0.0, 0.0], [0.0, 0.0, 0.0, 0.0, 0.0, 0.0, 0.0, 0.0, 0.0, 0.0], [0.0, 0.4181185219555865, 2.1587285233631035, 0.0, 0.0, 0.0, -2.498759141638711, 0.0, 0.0, 0.0], [0.0, 0.0, 0.0, 0.0, -0.004695994673559281, 0.0, 0.0, 0.0, -1.0281157705875381, 0.0], [0.0, 0.0, 0.0, 0.0, 0.0, 0.0, 1.1026874654627117, 0.0, 0.0, 0.0], [-0.25818479853633935, -2.4696988650675973, -0.8615980542483289, 0.0, 0.0, 0.0, 0.0, -0.6256162952329317, 0.7507858855894212, 0.0], [0.0, 0.0, 0.0, -1.466967885179526, -0.34408054131131866, -0.8031776650126476, 0.0, -0.7281792493633334, -0.61906936035496, 0.0], [0.0, 0.0, 0.41335408762364534, 0.0, 0.0, -1.5708119835276153, 0.0, 0.0, 0.0, -0.05981726366166916], [0.0, 0.0, 0.0, 0.0, 0.0, 0.0, 0.0, -0.3276251832780026, 0.0, -0.41645636355137505], [0.6771860655820995, 0.0, 0.7278331141658672, -0.22672245554936182, -0.21432448325619294, 0.9206667157130712, 0.0, 0.4677170774981168, 0.0, 0.0], [0.0, 0.0, 0.0, 0.0, 0.0, 0.39433995146482975, 0.0, 0.0, 0.0, 0.0], [0.0, 0.37776959197309157, 0.0, 0.0, -0.10525713400117943, 0.0, 0.0, -1.343523764067433, 0.0, 1.2317783767161103], [0.0, 0.0, 0.0, -0.5104932195775956, 0.0, -1.6216946209434833, 0.0, 0.0, 0.4819791390028944, -0.5224614795325828], [0.0, 0.0, 0.0, -1.0546044694668375, 0.18062297374021988, -1.093940409068474, 0.0, 0.0, 1.0657937085493043, 0.0], [0.0, 0.0, 0.0, 0.0, 0.0, 0.0, -0.8552405188798108, 0.0, 0.0, 0.0], [0.8501205821238573, 0.0, 0.0, 0.0, 0.0, 0.0, 1.9338398009281186, 0.0, 0.0, -1.8865280457856384], [0.0, -0.9495190451788583, 0.0, -0.9853817971256873, 0.32722338636586623, 0.0, -0.15333645751614036, 0.0, 0.0, 0.0], [0.0, 0.0, -1.112497354329448, 0.0, 0.0, 0.0, 0.0, 0.0, 0.3782266147408522, 0.0], [0.0, 0.0, 0.0, 0.0, 0.0, 0.41863946917260175, 0.0, 0.0, 0.0, 0.0], [0.0, 0.5806895417300261, 0.0, 1.1686312434505337, 0.0, 0.0, 0.0, 0.0, 0.0, -0.46252686020175215], [0.0, 0.0, -0.1276047942813745, 0.0, -0.6891942104642451, 0.0, 0.3963739400644419, 1.9451156144867858, 0.0, 0.0], [0.0, 0.0, 0.0, 0.0, 0.0, 0.0, 0.0, 0.0, 0.0, 0.0], [0.0, 0.0, 1.0965288564948825, 0.0, 0.0, 0.0, 0.0, 0.0, -1.8498029371642315, 0.0], [0.0, 0.0, -0.06437805080096688, 0.0, 0.0, 0.0, 0.0, 0.0, -0.5968973315627526, 0.8575032515881125], [0.0, 0.0, 0.0, 0.0, 0.0, 0.0, 0.0, 0.0, 0.0, 0.0], [0.0, 0.0, 1.4335154872899205, -1.349389973233009, 0.0, 0.0, 0.0, 0.0, 0.0, 0.0], [-1.7490694341716135, 0.0, 0.0, 0.5065753016725318, 0.0, 0.0, -1.2494437227999267, 0.0, 0.0, 0.0], [-0.8173541551228293, 0.0, 0.0, 0.0, -1.3414034979461644, 0.0, -0.483122678751293, 0.0, 0.0, 0.0], [-0.027376445585158626, 0.0, 0.29765044850834704, 0.0, 0.0, 0.0, 0.7181282798247107, 0.0, 0.5396092015836658, 0.0], [0.0, 0.0, 0.0, 0.0, 0.0, 0.9648105823284351, 0.0, 0.0, -1.027061758935597, 0.1357538294764863], [0.0, 0.5015963653461725, 0.0, 0.0, 0.0, 0.0, -0.44280234490564224, 0.0, -0.758327120518242, 0.0], [0.6530483110497608, 0.0, 0.0, 0.0, 0.080970805944567, 0.0, 0.0, 0.0, 0.0, 0.0], [0.0, 0.0, 0.4609556154202936, 0.0, -0.1469453929203728, 0.0, 0.0, 0.0, 1.30034514799654, 0.0], [0.0, 0.0, 0.0, 0.0, 0.3967742812711289, 0.0, 0.0, -0.44930438609578205, -0.24138013164421257, 0.0], [-0.0, -0.0, -0.0, -2.2733451580174817, 0.389458024303482, -0.0, 1.418596463015558, -0.0, -1.5465367554715088, 0.9514717506480398], [-0.8721618593534538, -0.0, -0.0, 0.4147646344054664, -0.0, -0.0, -0.0, -0.0, -0.0, -0.8828376605093898], [-0.0, -0.0, -0.0, -2.1188862122299916, -0.0, -0.0, -0.0, -0.0, -0.0, -0.9264563586203222], [-0.0, -0.0, -1.263740530766387, -0.0, -0.0, -0.0, 1.4982956373719307, -0.0, -0.0, -0.0], [-0.0, -0.0, 1.064831152863006, -0.0, -0.0, -0.0, -0.42801284098942743, -0.14697465045721628, -0.0, 0.38332330626590333], [-0.0, 1.01907278536807, -0.0, -0.0, -0.0, -0.0, -0.0, -0.0, 0.015483340011778864, -0.0], [-0.0, -0.0, -0.0, -0.0, -0.0, -0.0, -0.0, -0.0, -0.0, -1.794280843008586], [-0.0, -0.0, -0.0, -0.19033698496516738, 0.9069872254048804, -0.0, -0.0, -0.0, -0.0, 1.5514339440906522], [-0.0, -0.0, -0.0, -0.3561598303893801, -0.0, -0.0, -0.0, -0.0, -0.0, -0.0], [0.11120399981026909, -0.0, -0.9584138362132985, -0.0, -0.0, -0.0, 0.004856944651029909, -0.0, -0.0, -0.0], [-0.0, -0.0, -0.0, -0.0, -0.0, -0.0, -0.0, -0.0, -0.0, -0.0], [-0.0, -0.0, -1.389602828146591, -0.0, 0.021880874338765014, -0.0, -0.0, -0.10871179962738556, -0.0, -1.4798487751985527], [-0.0, -0.0, -0.0, 0.08008733535248917, -0.0, 1.147719972825, -0.0, -0.0, -0.0, -0.9611737664183551], [-0.0, -0.7049813113327208, -0.0, -0.0, -0.0, -0.0, -0.0, -0.0, -0.013033899766550932, -0.0], [-0.12701223937179829, -0.0, -0.0, -0.0, -0.0, -0.0, -0.0, -0.0, -0.8926294715061621, -0.0], [0.011443447469728663, -0.0, -0.0, -0.0, 0.5361601001790223, -1.8723191173207203, -0.0, -0.0, 0.14089855446735033, -0.0], [-0.0, -0.0, -0.0, -1.4803285611721635, 1.8018879690065603, -0.0, -0.0, -0.0, -0.0, -0.0], [-0.0, -0.0, -0.0, -0.0, -0.0, -0.0, -0.0, -0.0, -0.0, -0.0], [-0.0, -0.4181185219555865, -2.1587285233631035, -0.0, -0.0, -0.0, 2.498759141638711, -0.0, -0.0, -0.0], [-0.0, -0.0, -0.0, -0.0, 0.004695994673559281, -0.0, -0.0, -0.0, 1.0281157705875381, -0.0], [-0.0, -0.0, -0.0, -0.0, -0.0, -0.0, -1.1026874654627117, -0.0, -0.0, -0.0], [0.25818479853633935, 2.4696988650675973, 0.8615980542483289, -0.0, -0.0, -0.0, -0.0, 0.6256162952329317, -0.7507858855894212, -0.0], [-0.0, -0.0, -0.0, 1.466967885179526, 0.34408054131131866, 0.8031776650126476, -0.0, 0.7281792493633334, 0.61906936035496, -0.0], [-0.0, -0.0, -0.41335408762364534, -0.0, -0.0, 1.5708119835276153, -0.0, -0.0, -0.0, 0.05981726366166916], [-0.0, -0.0, -0.0, -0.0, -0.0, -0.0, -0.0, 0.3276251832780026, -0.0, 0.41645636355137505], [-0.6771860655820995, -0.0, -0.7278331141658672, 0.22672245554936182, 0.21432448325619294, -0.9206667157130712, -0.0, -0.4677170774981168, -0.0, -0.0], [-0.0, -0.0, -0.0, -0.0, -0.0, -0.39433995146482975, -0.0, -0.0, -0.0, -0.0], [-0.0, -0.37776959197309157, -0.0, -0.0, 0.10525713400117943, -0.0, -0.0, 1.343523764067433, -0.0, -1.2317783767161103], [-0.0, -0.0, -0.0, 0.5104932195775956, -0.0, 1.6216946209434833, -0.0, -0.0, -0.4819791390028944, 0.5224614795325828], [-0.0, -0.0, -0.0, 1.0546044694668375, -0.18062297374021988, 1.093940409068474, -0.0, -0.0, -1.0657937085493043, -0.0], [-0.0, -0.0, -0.0, -0.0, -0.0, -0.0, 0.8552405188798108, -0.0, -0.0, -0.0], [-0.8501205821238573, -0.0, -0.0, -0.0, -0.0, -0.0, -1.9338398009281186, -0.0, -0.0, 1.8865280457856384], [-0.0, 0.9495190451788583, -0.0, 0.9853817971256873, -0.32722338636586623, -0.0, 0.15333645751614036, -0.0, -0.0, -0.0], [-0.0, -0.0, 1.112497354329448, -0.0, -0.0, -0.0, -0.0, -0.0, -0.3782266147408522, -0.0], [-0.0, -0.0, -0.0, -0.0, -0.0, -0.41863946917260175, -0.0, -0.0, -0.0, -0.0], [-0.0, -0.5806895417300261, -0.0, -1.1686312434505337, -0.0, -0.0, -0.0, -0.0, -0.0, 0.46252686020175215], [-0.0, -0.0, 0.1276047942813745, -0.0, 0.6891942104642451, -0.0, -0.3963739400644419, -1.9451156144867858, -0.0, -0.0], [-0.0, -0.0, -0.0, -0.0, -0.0, -0.0, -0.0, -0.0, -0.0, -0.0], [-0.0, -0.0, -1.0965288564948825, -0.0, -0.0, -0.0, -0.0, -0.0, 1.8498029371642315, -0.0], [-0.0, -0.0, 0.06437805080096688, -0.0, -0.0, -0.0, -0.0, -0.0, 0.5968973315627526, -0.8575032515881125], [-0.0, -0.0, -0.0, -0.0, -0.0, -0.0, -0.0, -0.0, -0.0, -0.0], [-0.0, -0.0, -1.4335154872899205, 1.349389973233009, -0.0, -0.0, -0.0, -0.0, -0.0, -0.0], [1.7490694341716135, -0.0, -0.0, -0.5065753016725318, -0.0, -0.0, 1.2494437227999267, -0.0, -0.0, -0.0], [0.8173541551228293, -0.0, -0.0, -0.0, 1.3414034979461644, -0.0, 0.483122678751293, -0.0, -0.0, -0.0], [0.027376445585158626, -0.0, -0.29765044850834704, -0.0, -0.0, -0.0, -0.7181282798247107, -0.0, -0.5396092015836658, -0.0], [-0.0, -0.0, -0.0, -0.0, -0.0, -0.9648105823284351, -0.0, -0.0, 1.027061758935597, -0.1357538294764863], [-0.0, -0.5015963653461725, -0.0, -0.0, -0.0, -0.0, 0.44280234490564224, -0.0, 0.758327120518242, -0.0], [-0.6530483110497608, -0.0, -0.0, -0.0, -0.080970805944567, -0.0, -0.0, -0.0, -0.0, -0.0], [-0.0, -0.0, -0.4609556154202936, -0.0, 0.1469453929203728, -0.0, -0.0, -0.0, -1.30034514799654, -0.0], [-0.0, -0.0, -0.0, -0.0, -0.3967742812711289, -0.0, -0.0, 0.44930438609578205, 0.24138013164421257, -0.0]]
bI: [-0.6181282404578958, -0.3581627180328405, -0.11355759219962902, -0.6715731955927996, -0.5203077009037933, -0.7723183917356393, -0.5201635011119934, -0.8521815003185401, -0.5519068387744855, -0.5609379715353863, -0.876653602658345, -0.40348286621239704, -0.13401522845064073, -0.028782676313338973, -0.755137255673619, -0.6203095513534647, -0.7040797680992236, -0.21296416150891073, -0.13637147558676976, -0.014544665667881929, -0.350587558806597, -0.5899176868546331, -0.3922440450997323, -0.43747492202372906, -0.9041586944937484, -0.34825546702330035, -0.5139894891598108, -0.7836530127411431, -0.39654278232127016, -0.6220867002278735, -0.8623637087467452, -0.9495206236576421, -0.14707348092903794, -0.9265876251614944, -0.4921162930795382, -0.25824438829895835, -0.4591357562382613, -0.980032575285477, -0.4926180939928696, -0.3287516102875082, -0.6334008543167258, -0.24014561877819307, -0.07586332810866392, -0.12887972191064923, -0.12804583895777244, -0.15190269351229435, -0.13882717264941014, -0.6408747448032146, -0.18188008439914483, -0.3456672833238632, -0.5363015950600178, -0.6466477719739472, -0.4163438881491279, -0.9222653630350152, -0.025605192333833515, -0.013789255520397115, -0.30183828598025486, -0.4639036336558796, -0.6904723837136723, -0.18620498029305133, -0.3152688274461207, -0.8373830606551087, -0.08907281550615753, -0.177462757076831, -0.050200086708075964, -0.27428049161164003, -0.38658480406421014, -0.5817569637093811, -0.06727151664598674, -0.13393611049959164, -0.9547813298938106, -0.973633025502748, -0.6235366331219504, -0.1894466692181671, -0.012723870685055538, -0.8495831088964718, -0.40586928464786487, -0.6191091433689785, -0.030085602185396798, -0.15788107686429131, -0.16167129528886215, -0.5313068402050297, -0.5851804976623348, -0.7265929280692938, -0.9436245033490729, -0.13527762374494678, -0.18709899086992243, -0.00028232671386940744, -0.0033631629260946205, -0.44456829439737255, -0.2310125848194895, -0.05523427011757198, -0.15035260932258854, -0.7526518982568023, -0.5494558646899065, -0.870840584848505, -0.04594897274127763, -0.39382536554911995, -0.7713571944965373, -0.32829931559414327]
AE: None
bE: None
