n: 50
m: 500
H: [[11.474954245190377, -3.125401491815493, 2.2793427036756078, -0.668130987659481, 1.320994845648349, -1.6402323826506389, -0.7286171509600523, -0.41300227325049177, 0.4280955071012494, -0.5256472789348038, 5.144231215590986, -4.525196031652062, -1.385994000267953, -2.414201081145702, 1.1722928429314659, -0.7305108174976725, -0.7619176992220685, 6.6445015121860544, 0.05766244470853014, -2.5473396386902287, -0.9377440886861617, -1.9195312732645962, -1.5915172738571133, 0.8506370956116825, 0.8075432398914542, -1.304624862990069, -0.08089461767754984, 0.24508073548001702, -0.5284791591467368, -3.136459996664223, 1.3684248946980684, 1.2692417450504752, 0.92711816170226, -2.1475836848898893, 3.9814065315735654, -1.1604234716296105, -0.6287572641886346, 0.31065581504199946, -2.5838671567397777, -2.5275413981904884, 0.2997738709068189, -0.9325481332657107, 0.06809710528368301, -0.18897786747317946, 0.22301790490900067, 1.2833547286938196, 0.2286852905680721, -0.3117656667807058, 3.4105180864581888, -0.4763025883319434], [-3.125401491815493, 16.81537652558476, 1.3340426566283925, 1.0382273522734984, 3.619815370537139, 1.0510497317697514, 0.8275021384218743, 0.4085307330934806, -0.30701119263646176, -1.896226304503309, 0.37118314259831114, 2.1686571759710205, 0.7242649878187786, 0.05120379891514953, 0.3016541779039774, -0.3350636275203185, 0.18199079418993167, 0.5300482187199413, 3.582184191214832, -0.23692661611001972, -1.9014800700294607, -0.37884932892788425, 2.791748091974306, 2.3731615013156886, -0.6136024003861419, -2.8129128974812287, 0.8055499909870879, -2.8128177676766226, 0.03934709102803933, 0.5300883635122063, -0.2792400024048021, 0.052731387898178717, 2.6363070007111915, 3.4415803172540844, -5.727335118894348, 0.4166563935772764, -1.0112202753493504, -4.586301806738251, 0.7509455909481281, 1.7574340390415877, -1.1427155732298877, -2.1173480101395485, 1.6246597123932254, -5.256895963634375, 3.525780164806953, 0.35185663363922737, 0.11796592490831935, -0.6218630478199538, -1.5275880009120033, 0.3382516253322168], [2.2793427036756078, 1.3340426566283925, 13.396114319611234, 1.131940974046783, -0.900117635034522, 0.44056612704654907, -2.522581352554364, -0.4609224586535599, 0.837210724431793, -0.8352096387183296, -0.4129902187154434, -7.273024369357589, -1.0804988071544852, -0.19590184567851324, -1.2199077577998485, 0.0, -0.4842227887972032, 0.4179526019359075, -4.257292618188078, 4.841156439504688, -0.6347257052831216, -0.5841468028379943, -0.3470123048226749, -2.4142521842012648, -1.5577504703075282, 0.10032706425303653, 3.2632654164965422, 0.30033197488297225, -0.7002493294668313, 2.146861195565337, 3.033458161390165, 4.287560618043879, -0.8161032955040272, -1.5959245212257362, 2.9768537217567763, -0.06275603611882061, -2.249172357025128, -0.7530659452283354, 1.1527527686528936, 1.052559644937458, 0.15763334306943932, -0.3295838688620562, -0.7366483537741518, -1.6865889961968765, -0.6709267926930906, -2.350795025916435, 0.21187115165097437, 3.0258228843279906, -0.3759580331377022, -1.909252763916986], [-0.668130987659481, 1.0382273522734984, 1.131940974046783, 5.038248809618965, 0.3538836547971561, -0.7456515280621526, -0.7231767061093156, -0.35110702361064333, -0.561476108455882, 0.221635222081588, -0.3143836134388289, -0.8119384925567229, -0.22603651439803352, -0.12787274825160458, -0.8314765272787242, 1.557180395108085, 0.9961276085638335, 0.5557325797271362, -0.6202194250043324, 1.0314451889637961, 2.6130314776492862, 2.156667270053541, 0.47657865427915636, -0.7268206735323913, -0.4271176953488569, 0.8135505830231615, 1.7980973076740108, -0.8837419982776256, 1.6311069526650617, 0.18928909805023156, -0.07364231081223448, 0.036488628984922306, -1.0290645798111782, -0.12858952882005525, -0.2494402317143573, 0.07296487803422551, 0.4651645180267412, -1.8299247767899844, 0.6382092133365284, 0.6234863993722772, -0.92816261139359, -1.3824067509462994, -1.2907979364290878, -1.5497639905799647, -0.17492082116368754, -0.6130334371760497, 0.15040777111579554, 1.8261322254873547, -0.16523975182420714, -0.28931370737538786], [1.320994845648349, 3.619815370537139, -0.900117635034522, 0.3538836547971561, 6.566426396081881, -0.30023190106076963, -1.584502037739533, -0.19647721194176263, -0.5301715899533946, 0.8730956856478534, 0.0, 0.8870083707062154, -1.2088732855606372, -0.6533231048425557, 0.8099984883323611, 2.7296617867450474, 1.834806674958302, 1.9582106002331838, 1.1576090619028285, 0.18317018876088853, -0.2828764848650543, -0.41191767040192645, 0.08330871751578056, 1.3454867542285247, 0.7165534825427511, -0.7631500175890505, -1.0420718705656937, 1.3516443959351887, -0.6339711704732974, -0.8012543041675891, -0.30656348253935956, 0.0, 0.9902038686878674, 1.0759132042729798, -1.5318152480106617, 0.5409681651723741, 3.1159635017336065, -3.2148682774715076, 1.0024861493357204, 0.06289663129184067, 1.152464536758154, 0.24203741903814352, -0.5225018645607482, -2.959294096293057, 2.7027764746766696, 0.5411408915155725, 0.0, 0.7439239321275719, -0.3503421736445156, 0.0], [-1.6402323826506389, 1.0510497317697514, 0.44056612704654907, -0.7456515280621526, -0.30023190106076963, 9.47536693797937, 0.5581388435875029, 0.4257450862707, -0.1192071938414781, 2.1153018971427664, 0.8005492267731549, -0.3970752164390262, -0.12322290839813829, -2.7824234422823886, -0.6738868145627369, -2.6120604759983164, -1.9423403339342362, -0.18368521577277128, 0.1868566715529701, 0.856215058303091, 0.7949103389805809, -0.395465658370322, 1.8162369659291748, -0.4381393205989971, 0.10466911282401184, 0.40851845949370624, -3.7990779465777895, -0.07051824736676841, 0.9055728979261723, 0.6871961519747734, 0.6479776476413416, 0.33493542487976796, -0.4659688610899223, 0.2416396281831594, -2.8662348867055965, 0.12883223555104148, 0.13636862765980315, -1.2934980952021897, -0.0399092173202246, 0.3934979296964052, 0.45442835779806723, 1.789970325623482, 2.763907152689625, -0.47175495276901525, 0.3949176066966819, -1.2297271879865042, -0.1729968442978384, 0.6422863234056946, -0.3252878082238699, -0.555359082592408], [-0.7286171509600523, 0.8275021384218743, -2.522581352554364, -0.7231767061093156, -1.584502037739533, 0.5581388435875029, 14.786641460575733, -0.9352012603314724, 0.10206061349545953, -1.8535590706868286, -0.6683823381198263, -1.72547178203121, 0.1876441435025753, -2.241268066760435, -1.7074340993442385, -4.149842018325796, 1.032122807642622, -2.792682922317425, -2.1483974463648483, 1.2394779380153926, 0.26872447063258975, 1.2378384072225708, 2.9779775081929607, -0.1465618263976062, 3.120370753447629, -2.6645431277912395, 0.08475320619486956, -1.986082321120632, 0.11162007011617925, -0.510877144113213, 1.1698919319059855, -1.5687909263666688, 0.23738993587389046, -0.6359113391975341, -0.6579200000947963, 1.613975462635066, -3.2039257070401996, 0.3508387871301351, -2.4480993324968754, 1.584013106200183, -1.1304605440367275, -2.6346180000033153, -0.4345745978942964, 5.431387426834032, -0.9437930519181765, 2.9912156935734844, 0.0, -1.0572027399692754, -0.9457385697853018, 0.7910613403451582], [-0.41300227325049177, 0.4085307330934806, -0.4609224586535599, -0.35110702361064333, -0.19647721194176263, 0.4257450862707, -0.9352012603314724, 2.247490461602818, -0.22111538500750497, -0.21996605080717305, 0.24803594290462985, 1.4889554418623736, 0.3891195032412515, 0.1782551473177461, 0.7842909127647497, -0.5884055744489766, 0.3427851646137523, -0.36678804620703703, -0.3237817341723851, -0.5566779160527161, -0.3437394327435624, -0.20033703906556183, -0.46924074382308584, 0.2540876756329012, -0.24380617284638506, -0.28489660688015395, -1.887519390757699, 0.3731339331999165, -0.2544582813528111, -0.0733349327940465, 0.22991291205346687, 0.0, 0.7343750399992386, 0.2984592711094798, -0.6304915135983026, 0.6049859828708466, 2.226920357900545, 1.1451938599140186, 0.7247844469559375, 0.0729918542524142, -0.05326404454563394, 0.35513915578620203, 1.0397684851798379, -1.1991363188132356, -0.6973173574638408, -0.1393736376235816, -0.10792838920028834, 0.0881554908839657, 0.1754245902179599, 0.20263821823081182], [0.4280955071012494, -0.30701119263646176, 0.837210724431793, -0.561476108455882, -0.5301715899533946, -0.1192071938414781, 0.10206061349545953, -0.22111538500750497, 5.626602621009842, 0.3844973492073773, -0.8252714272185199, 0.5942111255135681, -4.448431500684113, 0.4054689663036258, -0.43979152490016926, -2.000771918469333, 0.029290924021742677, -0.10236664830242531, -2.544543842565257, 1.0751010028850556, -0.208792965316988, 0.11934594006140445, -2.905106819190445, -1.892770573253978, -1.2535808277456588, 0.1562383897627519, 0.0, 0.046817844646171655, -0.2834973549327785, 0.9745368574803894, 0.2102687359683537, -0.16850031925396508, -0.408781061747867, -0.8328034602980361, -1.7060730509349213, -1.0706202064856798, -0.2841618306317263, 0.7814199197339422, 0.017753164155268866, -0.07245875554850438, -0.7579969982909615, -1.8144844870567316, -1.2870931134416628, 0.6235497612003017, 1.1987885485873848, 1.3581919932846052, -3.6149749396348083, -0.2364481731126704, -0.07548572279247809, -0.7308060304891498], [-0.5256472789348038, -1.896226304503309, -0.8352096387183296, 0.221635222081588, 0.8730956856478534, 2.1153018971427664, -1.8535590706868286, -0.21996605080717305, 0.3844973492073773, 15.688066970592958, -0.30957447087711365, -0.4128432685458358, -1.9983501503418277, 0.5401291116836696, 2.792454274283978, -1.2975170226203876, -0.8713885833953349, -0.7487534538146169, 1.0233303724465108, -0.1983567634690589, 0.35132547931314884, 0.6457792398379653, -4.763460545478871, -1.9196232667581958, -0.017047411850832847, 2.771959122897845, -1.3966098407576724, -1.0714353092252344, 1.730531889068281, -0.7547071878558538, -0.7195452645645317, 0.18131590803575698, -3.179596513247536, -1.026477751483631, -0.23874960853277552, -0.31356343932942043, 4.116022053029243, -3.1538560455579034, -1.3788489528914927, -0.22574357295900851, 0.009870930335999041, -3.172993988472521, -1.0010251588544294, -0.5030648507808742, 1.21798423116402, -1.1614744656852252, -0.07809985359492634, 1.6210905163713827, -0.43068792699815317, -2.541504488100416], [5.144231215590986, 0.37118314259831114, -0.4129902187154434, -0.3143836134388289, 0.0, 0.8005492267731549, -0.6683823381198263, 0.24803594290462985, -0.8252714272185199, -0.30957447087711365, 12.664556918523333, 0.44727926088010894, 0.043048602854582285, -0.827989800273506, 0.573309006877664, 0.15503267215292874, -0.16171280303598518, 9.142698700932158, -0.36763569962157727, -0.35200596887051755, -0.10622805826654583, 0.23454985797480216, -3.7278924817811014, -0.027226581793770764, -0.37554483814360384, -1.5884088770499916, -1.562059935683754, 0.0, 0.9221925229443243, -1.027608546806219, 1.4928430731577644, 0.10706365846257268, 0.356071304902143, -0.1559807063334675, 0.45505129581886206, -1.3657170316486267, -2.6500615933196725, 1.1294392217608644, -3.28723479308287, -2.3468557837677504, -0.029485163357117795, 0.2930711796930229, 1.0822514977144595, -0.9971907927998734, 0.4747546505794392, -0.3132630163405023, 1.8416265153882119, 0.025642312371792333, 4.304432885746142, 0.9496017799662073], [-4.525196031652062, 2.1686571759710205, -7.273024369357589, -0.8119384925567229, 0.8870083707062154, -0.3970752164390262, -1.72547178203121, 1.4889554418623736, 0.5942111255135681, -0.4128432685458358, 0.44727926088010894, 19.281939085614162, -2.732079821345439, 2.2549033425900804, 2.7134621262948944, -0.2541377362820611, -0.10340145673224907, -0.7074610970837837, 0.7539109282603633, -5.725576386041092, -4.574708010022122, 0.1384669566660291, 3.078840735753488, 1.2454104127995897, -0.008504512454432787, -0.3984265117064181, -3.961402658979879, -0.06669535298929187, -0.8302841844626954, -1.868820089934082, -0.29283467129404495, -2.214400670384652, 1.4479296497223295, 0.9165651887887217, -5.051660663590008, -0.3342339047018171, 3.6907678114108355, 4.181272552900409, -2.336427397780439, -0.27558121483127596, 0.0, 1.0984232743915778, 0.0016150738127001338, -4.268628099948607, -0.030059384347145054, -1.2491622908973823, -1.622171252080847, -0.6368076408374785, 1.8517688413174813, 0.8741899500013315], [-1.385994000267953, 0.7242649878187786, -1.0804988071544852, -0.22603651439803352, -1.2088732855606372, -0.12322290839813829, 0.1876441435025753, 0.3891195032412515, -4.448431500684113, -1.9983501503418277, 0.043048602854582285, -2.732079821345439, 11.457135000944485, -0.24437729075130507, -3.501876265891888, 0.9539547422103102, -0.5770810207539318, 0.015205242146908974, 3.911775379824341, -1.373113098516804, -0.9912746616950409, -1.0504674598112202, 0.6027474162438156, -1.4302424873694644, -2.42047495122528, -0.09735056515983428, 0.046729340833468115, -0.6587776065003309, -0.2655797692047324, 1.0161855989704758, -0.2419176576151088, 1.6126973784231147, 0.8793027936624577, -0.3443799385672862, 2.0340707028768255, 1.9483126006080662, -0.6443373558724262, 0.1266665596652831, 0.9152479969296483, 2.186764487789418, -1.1650035825569194, -0.010808223386006965, 2.07363165058234, 0.32213779921784885, -0.5461890532469018, -0.31647167539486154, 3.202868348411474, -0.2710855035096554, -1.539094727270106, 1.245385306346568], [-2.414201081145702, 0.05120379891514953, -0.19590184567851324, -0.12787274825160458, -0.6533231048425557, -2.7824234422823886, -2.241268066760435, 0.1782551473177461, 0.4054689663036258, 0.5401291116836696, -0.827989800273506, 2.2549033425900804, -0.24437729075130507, 8.918096581132906, -1.0716986587004165, 0.12266365195615084, 0.5851669202208336, -1.4165235487715135, 0.5863762024222386, 0.5239117051605667, -0.2051135010876564, 0.7694523896287233, -0.297992985339512, -0.7644205604376381, -0.8427297047933561, -0.333350847140861, 0.5715750178655069, -0.08451837387425652, 0.9414491050614735, 2.277124187828243, 0.05025506674903878, 0.002231296518303331, -1.441382110450215, 1.717784772017729, 3.4976181397410575, -0.20725127185967931, 2.8299283330903022, 3.420994825481013, -0.0576740779045, 0.3622632929549708, 0.05632538257762663, 1.4916705910777484, 0.2108231152903556, -3.203141604286, -0.302456857977341, -0.49997301226768204, 0.03543273732442049, -0.08071584312501914, 1.5954908012777649, -0.29509422758864606], [1.1722928429314659, 0.3016541779039774, -1.2199077577998485, -0.8314765272787242, 0.8099984883323611, -0.6738868145627369, -1.7074340993442385, 0.7842909127647497, -0.43979152490016926, 2.792454274283978, 0.573309006877664, 2.7134621262948944, -3.501876265891888, -1.0716986587004165, 16.017543865142212, 0.7316316788202439, 0.32178655399491185, 1.1386000513499286, -1.134408528543699, 2.1284222128466186, -3.0743964743951486, -0.3249368812387462, -1.9050486102732072, 5.168539632721114, 2.790875517264175, 2.406552597636064, -1.895778149359417, -0.022303582470444717, -2.2789980339028597, -1.1211076190252298, -0.19617896340637894, 0.36883178714485826, -0.4218330023144269, 1.256961723170164, -0.5651549039787008, 0.33976771215326435, 2.419061523863855, 1.267973239379949, -1.0374106241271996, -6.464185193013828, 0.16762018032833578, -0.12274527890931937, 2.8450149336039, -1.4818349406807299, 1.3544805372131594, 0.22770804522632132, 2.7889165307612798, 1.7315669999747634, 3.0104158086789323, -0.5502431203978896], [-0.7305108174976725, -0.3350636275203185, 0.0, 1.557180395108085, 2.7296617867450474, -2.6120604759983164, -4.149842018325796, -0.5884055744489766, -2.000771918469333, -1.2975170226203876, 0.15503267215292874, -0.2541377362820611, 0.9539547422103102, 0.12266365195615084, 0.7316316788202439, 21.235303037451224, 2.508100586154574, 1.6482297282144132, 2.635218111523645, 2.1402146683266965, 0.9994988519489222, 1.183934604153769, 2.418408647633696, -0.5591189078062755, 2.336664610238586, 0.41243942273742695, 0.0, -2.429839398426594, -0.11023825343778937, -0.7243245366036981, -0.45438500089482725, 0.026223978263199395, 1.700099037345689, 0.06246090612102075, 0.485036307726763, -1.2157256836578043, 0.16678322010837887, -2.6865191628255705, 2.8587658228133184, -0.5227974543294619, -0.33700387006697435, 6.060640844017935, 0.2532872112800854, -0.22754365707174287, 3.458546616048772, -0.1742329386551073, 1.3721466409322776, 0.050740001226089015, -0.2934289046067855, 0.45593519121520704], [-0.7619176992220685, 0.18199079418993167, -0.4842227887972032, 0.9961276085638335, 1.834806674958302, -1.9423403339342362, 1.032122807642622, 0.3427851646137523, 0.029290924021742677, -0.8713885833953349, -0.16171280303598518, -0.10340145673224907, -0.5770810207539318, 0.5851669202208336, 0.32178655399491185, 2.508100586154574, 7.121018957455385, -0.603352591445996, -0.3829573287929442, -0.46443540177933407, 0.8913223154202018, 0.8121445627966243, -0.15469612547716124, -0.9096833814363905, 0.05816023853994549, -0.11941639543796502, -0.32631700724672513, 3.091064807910385, 0.1812878134272749, 1.9951674785127491, 0.16143731101338876, -0.5206275489531349, 0.8631580110144196, 0.3742795584184686, -1.2427751952636734, 3.443656738245877, 2.2167601297329607, -0.1851531900993881, 0.4811335464581059, 0.0, -0.5586138249202548, 1.2127332244804476, -1.7988923777392787, 1.9761879227872574, 0.9898768138132759, -0.07937603001631596, 0.0, -0.2825100502824813, 0.0, -0.14887514168416932], [6.6445015121860544, 0.5300482187199413, 0.4179526019359075, 0.5557325797271362, 1.9582106002331838, -0.18368521577277128, -2.792682922317425, -0.36678804620703703, -0.10236664830242531, -0.7487534538146169, 9.142698700932158, -0.7074610970837837, 0.015205242146908974, -1.4165235487715135, 1.1386000513499286, 1.6482297282144132, -0.603352591445996, 14.303966993626188, -0.9470784221667681, -1.4407212632126578, -0.36776559968041866, -0.5314985273740048, -2.8424721945947344, -0.46984427452786814, -0.7249957043631592, -1.4874272534836113, 0.6739608508072045, 0.0, 0.7585052374915116, -1.082674782176169, 1.8082721968260602, -1.0491432425723601, 0.6605054898892277, 0.28386891689915716, 0.13643226640565334, -4.391659945591153, -0.6928554587280648, 0.824947085938329, -3.0264449301511545, -3.6615113238909447, 1.2710976609992377, 0.5299046163098359, 2.5310928026952975, -2.853885320175651, 0.4238463558590621, -1.7947588808204997, 2.1718019000525985, -0.5434903330597524, 3.9664198992611266, -0.8651390336053365], [0.05766244470853014, 3.582184191214832, -4.257292618188078, -0.6202194250043324, 1.1576090619028285, 0.1868566715529701, -2.1483974463648483, -0.3237817341723851, -2.544543842565257, 1.0233303724465108, -0.36763569962157727, 0.7539109282603633, 3.911775379824341, 0.5863762024222386, -1.134408528543699, 2.635218111523645, -0.3829573287929442, -0.9470784221667681, 12.53543894165753, -3.3802195509064186, 1.3626345248378158, -0.820571939153985, 3.8605822230001134, 0.8336183331766593, -2.4635841690847116, 0.04987979616673657, -0.9508637187180018, -2.943572801208979, -0.3756704630988403, -1.5865232103625189, -1.3755392816259528, -1.4690442530931065, 1.7831289749026837, 1.7240436407476631, -2.4050285431300673, 0.29027457891362857, 0.2643014474410228, -3.1150634061534723, 0.6718052777020433, -0.9961942317296046, 0.2632081733870086, 2.527317335151276, 2.534370822672129, -2.155904064590694, 2.718276436225613, -1.605958427972205, -0.1393793571763251, -2.572402480079406, 0.08762503527968368, 0.6860210315988866], [-2.5473396386902287, -0.23692661611001972, 4.841156439504688, 1.0314451889637961, 0.18317018876088853, 0.856215058303091, 1.2394779380153926, -0.5566779160527161, 1.0751010028850556, -0.1983567634690589, -0.35200596887051755, -5.725576386041092, -1.373113098516804, 0.5239117051605667, 2.1284222128466186, 2.1402146683266965, -0.46443540177933407, -1.4407212632126578, -3.3802195509064186, 26.916107334315473, 0.7572655356472722, 0.17437160864008458, -2.3680641081184763, -0.17357114536483803, -1.3928608270815037, -1.2097982349379204, 0.22750163922708594, -1.1086724384387943, -0.8839716117684958, 3.864700522013507, 5.788767390186193, 3.3898831730553782, -1.2234015112677956, 2.393938193878305, 3.576245204847819, 4.271498192568943, 0.26129613228237947, 5.664880606356833, 2.2161832928644505, 2.0973782313247957, 2.2135725050810637, -1.969230067985152, 0.2659550179360186, -1.7149654757956543, 1.3852763848822716, -0.05515945159228336, 0.12065771293767763, 7.1969077270259705, -1.1669447835835014, -1.725554235888211], [-0.9377440886861617, -1.9014800700294607, -0.6347257052831216, 2.6130314776492862, -0.2828764848650543, 0.7949103389805809, 0.26872447063258975, -0.3437394327435624, -0.208792965316988, 0.35132547931314884, -0.10622805826654583, -4.574708010022122, -0.9912746616950409, -0.2051135010876564, -3.0743964743951486, 0.9994988519489222, 0.8913223154202018, -0.36776559968041866, 1.3626345248378158, 0.7572655356472722, 10.591446720250435, 2.433333417394721, 0.3168054352369217, -2.898846465967353, -1.334873099374496, 1.2060780402739895, 2.6341035933434798, -0.6596505305152413, 3.3043749614763973, 0.20275294442416703, 0.3894540366884501, -1.2252034088104116, -1.2135258045745254, 1.1333671978623734, -0.828390441370228, 0.5728333506248299, -1.1212186400970818, -3.5562894900616837, 0.9501195471968732, 0.14658347893071347, 0.29431030046916956, -0.359888959484708, -3.186360292890245, 1.4627426392812948, 1.0687656982043343, -2.1112621545402117, 0.5105989040479916, -1.667688713030731, -1.6723269976720558, 0.02857110986242299], [-1.9195312732645962, -0.37884932892788425, -0.5841468028379943, 2.156667270053541, -0.41191767040192645, -0.395465658370322, 1.2378384072225708, -0.20033703906556183, 0.11934594006140445, 0.6457792398379653, 0.23454985797480216, 0.1384669566660291, -1.0504674598112202, 0.7694523896287233, -0.3249368812387462, 1.183934604153769, 0.8121445627966243, -0.5314985273740048, -0.820571939153985, 0.17437160864008458, 2.433333417394721, 6.425971720476257, -0.24518991568149126, 0.09915069423834486, 0.3123888030063299, 1.1206918269557191, -0.821222025549292, -0.5539784777013773, 1.4840111904598963, 1.34492928900593, -0.08129298986575327, -1.0985671377501396, -0.38149892619826203, -0.12094668448362253, -0.09091069633919117, -0.12420843504811467, 0.0, -1.1103527888308766, 0.05851229755421848, -0.008198399265326391, -0.20068611379526174, 1.4292254542185043, 0.15788901260965532, -0.6068115389778213, -0.32052454123304114, 0.5901703432746409, 0.0, 0.0, 0.21694749065396987, 0.3448328995212804], [-1.5915172738571133, 2.791748091974306, -0.3470123048226749, 0.47657865427915636, 0.08330871751578056, 1.8162369659291748, 2.9779775081929607, -0.46924074382308584, -2.905106819190445, -4.763460545478871, -3.7278924817811014, 3.078840735753488, 0.6027474162438156, -0.297992985339512, -1.9050486102732072, 2.418408647633696, -0.15469612547716124, -2.8424721945947344, 3.8605822230001134, -2.3680641081184763, 0.3168054352369217, -0.24518991568149126, 16.585768909875444, 1.451316711845378, 0.5631620492285763, -2.006553584786042, -0.37001917787997896, -0.3921430772023069, 1.9988052048850324, -0.709604390735897, 0.5236926511267165, 0.033092731196326775, 1.8773188792514703, 1.6659655290364583, 1.4036000774041628, 0.9564593575958874, 0.8099303787690832, -0.6471759312669085, -2.057938564556517, 1.843785411846536, 1.661344358147798, 4.431734231203704, 2.3159079179497795, -0.6452594493050329, -2.497540811598142, -1.9603222391400255, 0.027072625971796504, -2.010901086465873, -0.3368162443600842, -2.030258461245802], [0.8506370956116825, 2.3731615013156886, -2.4142521842012648, -0.7268206735323913, 1.3454867542285247, -0.4381393205989971, -0.1465618263976062, 0.2540876756329012, -1.892770573253978, -1.9196232667581958, -0.027226581793770764, 1.2454104127995897, -1.4302424873694644, -0.7644205604376381, 5.168539632721114, -0.5591189078062755, -0.9096833814363905, -0.46984427452786814, 0.8336183331766593, -0.17357114536483803, -2.898846465967353, 0.09915069423834486, 1.451316711845378, 10.897695415314807, 4.285712880969861, -1.419531433682467, -0.7941087721536151, 0.0, -0.9947254150377185, -3.5995258051079198, -1.559941925526063, -0.41774370337550387, 1.7951971681769412, 1.6560505798457086, 0.1901410829257975, 0.6902365571175461, 0.172964985261833, 0.019634975457999707, -0.5814374785289261, -0.8990663712742047, 0.22727363380710736, -1.11686649978023, 2.1874402170855145, -0.6841650933986912, -0.37488623417301137, 1.5876046693997894, -1.5226438165344112, 0.45457233100251593, 0.6259255407198014, -0.2554140367949716], [0.8075432398914542, -0.6136024003861419, -1.5577504703075282, -0.4271176953488569, 0.7165534825427511, 0.10466911282401184, 3.120370753447629, -0.24380617284638506, -1.2535808277456588, -0.017047411850832847, -0.37554483814360384, -0.008504512454432787, -2.42047495122528, -0.8427297047933561, 2.790875517264175, 2.336664610238586, 0.05816023853994549, -0.7249957043631592, -2.4635841690847116, -1.3928608270815037, -1.334873099374496, 0.3123888030063299, 0.5631620492285763, 4.285712880969861, 12.19518311548618, -0.689136381964241, 0.09937060398937604, 0.0, 0.0, -1.0918051885030813, -0.3508315325945839, -3.172420759295571, 0.282703282968342, -1.245136344587835, 0.27696038820807817, 0.8401166469844566, 0.18451348299446832, -1.2091324387485496, -0.19918754906499367, -2.795814889734307, -0.5761422401656072, -0.24129132459905617, 0.18733715853919397, 1.2775000993120087, 0.9555894058932372, 1.1950765790716018, 0.12147698731278764, 0.7230080742857424, 2.1827796769011387, 0.5396087523292894], [-1.304624862990069, -2.8129128974812287, 0.10032706425303653, 0.8135505830231615, -0.7631500175890505, 0.40851845949370624, -2.6645431277912395, -0.28489660688015395, 0.1562383897627519, 2.771959122897845, -1.5884088770499916, -0.3984265117064181, -0.09735056515983428, -0.333350847140861, 2.406552597636064, 0.41243942273742695, -0.11941639543796502, -1.4874272534836113, 0.04987979616673657, -1.2097982349379204, 1.2060780402739895, 1.1206918269557191, -2.006553584786042, -1.419531433682467, -0.689136381964241, 7.250213481898207, 0.0, -0.4242736505951572, 0.05966181411192101, -0.40803322525034474, -1.6052587359055002, 1.0881051643559618, -1.3473858172245388, -0.23877362475457914, 0.6201728812057516, 0.9033491628355297, 0.45329862582002906, 0.06291207708894096, 1.4378051723740757, -3.0279525477063918, 0.5705282123614916, 0.7210487950764464, -0.8545347495894827, 0.6131779695616871, 1.2141371273009511, 0.27324608362794545, -0.750366897043817, 1.091909574197397, -2.0745569545474516, -0.12987086203157824], [-0.08089461767754984, 0.8055499909870879, 3.2632654164965422, 1.7980973076740108, -1.0420718705656937, -3.7990779465777895, 0.08475320619486956, -1.887519390757699, 0.0, -1.3966098407576724, -1.562059935683754, -3.961402658979879, 0.046729340833468115, 0.5715750178655069, -1.895778149359417, 0.0, -0.32631700724672513, 0.6739608508072045, -0.9508637187180018, 0.22750163922708594, 2.6341035933434798, -0.821222025549292, -0.37001917787997896, -0.7941087721536151, 0.09937060398937604, 0.0, 9.70084606015838, 0.0, 1.1518030606942642, -0.028735988397805654, -0.28556134855611814, 0.7937044775858269, -1.7526534457994136, 1.1708023801948644, 1.8286618992982004, -0.26050927666905466, -5.038566334757012, -2.1102627892047563, 0.07350024874765268, -0.5744103964366626, 0.04634508819650284, -3.225863902261604, -2.2984295321876465, 3.581685395253805, -0.08065570993505025, -1.0314768946787345, 0.417387582468318, 0.6965310724192907, -2.7014223301622553, 0.14779304471960641], [0.24508073548001702, -2.8128177676766226, 0.30033197488297225, -0.8837419982776256, 1.3516443959351887, -0.07051824736676841, -1.986082321120632, 0.3731339331999165, 0.046817844646171655, -1.0714353092252344, 0.0, -0.06669535298929187, -0.6587776065003309, -0.08451837387425652, -0.022303582470444717, -2.429839398426594, 3.091064807910385, 0.0, -2.943572801208979, -1.1086724384387943, -0.6596505305152413, -0.5539784777013773, -0.3921430772023069, 0.0, 0.0, -0.4242736505951572, 0.0, 8.42969561128248, -0.25942518019559846, 2.1107502230572566, -0.8739730082017874, 0.0, -1.180767695097146, 0.0741681399218445, 0.7915867791588042, 3.11877751572122, 3.3451021583231744, 0.5458980054128351, -0.2970046211601467, -0.06415760403325955, 2.70770774615672, 0.0, -2.6199075148753597, 1.2559384312939295, -1.1889312953718683, -1.3395642080435561, 0.0, -0.34107744105847565, 0.0, 0.0], [-0.5284791591467368, 0.03934709102803933, -0.7002493294668313, 1.6311069526650617, -0.6339711704732974, 0.9055728979261723, 0.11162007011617925, -0.2544582813528111, -0.2834973549327785, 1.730531889068281, 0.9221925229443243, -0.8302841844626954, -0.2655797692047324, 0.9414491050614735, -2.2789980339028597, -0.11023825343778937, 0.1812878134272749, 0.7585052374915116, -0.3756704630988403, -0.8839716117684958, 3.3043749614763973, 1.4840111904598963, 1.9988052048850324, -0.9947254150377185, 0.0, 0.05966181411192101, 1.1518030606942642, -0.25942518019559846, 7.6950759780444775, 1.762136186512135, 2.2331966484765493, 0.03566400937030258, -1.238294355006984, -0.41423142327482193, 0.7782490677149377, -0.5850697152610298, 1.436901615120475, -1.4996345292087259, -3.440078509335592, -0.689865738119018, 0.11566214655138335, 1.0626339265645606, -2.710516506061639, 1.5763662757807748, -0.19339931895359572, 1.0544249440860363, 1.2655276841107579, 0.3860066937523413, 1.4332369830048155, -0.7913625063547156], [-3.136459996664223, 0.5300883635122063, 2.146861195565337, 0.18928909805023156, -0.8012543041675891, 0.6871961519747734, -0.510877144113213, -0.0733349327940465, 0.9745368574803894, -0.7547071878558538, -1.027608546806219, -1.868820089934082, 1.0161855989704758, 2.277124187828243, -1.1211076190252298, -0.7243245366036981, 1.9951674785127491, -1.082674782176169, -1.5865232103625189, 3.864700522013507, 0.20275294442416703, 1.34492928900593, -0.709604390735897, -3.5995258051079198, -1.0918051885030813, -0.40803322525034474, -0.028735988397805654, 2.1107502230572566, 1.762136186512135, 9.504368606432228, 0.9195892844883808, 0.49458680132894195, -1.3010229963160955, -0.8640667732437068, -1.1228091472380946, 0.8550737347033353, 1.2554895756220261, 0.23477220395216267, -0.8605099044648971, -0.44608000019878624, 0.14296762391259482, 1.5857751110997813, 0.47645332655962297, 1.0094371046048876, 0.4375509801915478, 0.23018516123984464, 1.9450326732195795, 0.43520351881786035, 0.14610851831424362, 0.39320925617008495], [1.3684248946980684, -0.2792400024048021, 3.033458161390165, -0.07364231081223448, -0.30656348253935956, 0.6479776476413416, 1.1698919319059855, 0.22991291205346687, 0.2102687359683537, -0.7195452645645317, 1.4928430731577644, -0.29283467129404495, -0.2419176576151088, 0.05025506674903878, -0.19617896340637894, -0.45438500089482725, 0.16143731101338876, 1.8082721968260602, -1.3755392816259528, 5.788767390186193, 0.3894540366884501, -0.08129298986575327, 0.5236926511267165, -1.559941925526063, -0.3508315325945839, -1.6052587359055002, -0.28556134855611814, -0.8739730082017874, 2.2331966484765493, 0.9195892844883808, 14.606290241558657, 0.10288678950006368, 0.08327806001760252, -0.1740255705226138, 0.5767092401380859, 0.14572819669555634, 0.150921051295502, 1.4098685014668142, -1.429887670552144, -0.05734562490308221, 0.22326151386057333, 1.3288238989084837, -1.443040272806804, 3.4049280408658396, 1.1273575940074352, 0.021500250930576795, 1.7081815487470509, 0.0, 4.272475965709497, -0.628922054535975], [1.2692417450504752, 0.052731387898178717, 4.287560618043879, 0.036488628984922306, 0.0, 0.33493542487976796, -1.5687909263666688, 0.0, -0.16850031925396508, 0.18131590803575698, 0.10706365846257268, -2.214400670384652, 1.6126973784231147, 0.002231296518303331, 0.36883178714485826, 0.026223978263199395, -0.5206275489531349, -1.0491432425723601, -1.4690442530931065, 3.3898831730553782, -1.2252034088104116, -1.0985671377501396, 0.033092731196326775, -0.41774370337550387, -3.172420759295571, 1.0881051643559618, 0.7937044775858269, 0.0, 0.03566400937030258, 0.49458680132894195, 0.10288678950006368, 7.879635305248042, 0.048742887598266775, -0.4063941233171769, 2.1170308619658886, 1.6549230891046585, 0.2146795258404591, 0.03240440794876783, 0.0, 2.58335324406397, 0.0, -0.6110142123717698, 0.11125956901999101, 0.16919487656367455, 0.33143666898795854, -0.16965541209043114, 0.0, 2.7669260169117957, -2.154067882862896, 1.2322387720697998], [0.92711816170226, 2.6363070007111915, -0.8161032955040272, -1.0290645798111782, 0.9902038686878674, -0.4659688610899223, 0.23738993587389046, 0.7343750399992386, -0.408781061747867, -3.179596513247536, 0.356071304902143, 1.4479296497223295, 0.8793027936624577, -1.441382110450215, -0.4218330023144269, 1.700099037345689, 0.8631580110144196, 0.6605054898892277, 1.7831289749026837, -1.2234015112677956, -1.2135258045745254, -0.38149892619826203, 1.8773188792514703, 1.7951971681769412, 0.282703282968342, -1.3473858172245388, -1.7526534457994136, -1.180767695097146, -1.238294355006984, -1.3010229963160955, 0.08327806001760252, 0.048742887598266775, 7.9190580026983115, 0.08703196042363631, -1.5216731378729083, 0.8433562507518629, 2.2768972910260836, 1.5235066972251317, 0.2823578240081193, -0.3334244146579671, -1.9439264716588913, 0.49733243718207887, -0.002036115336515306, -1.8977046014560688, 1.1747592549162775, 0.6001421277907608, 0.06715558893616523, -2.385267226684326, 2.3643200261710464, -0.09485144190389973], [-2.1475836848898893, 3.4415803172540844, -1.5959245212257362, -0.12858952882005525, 1.0759132042729798, 0.2416396281831594, -0.6359113391975341, 0.2984592711094798, -0.8328034602980361, -1.026477751483631, -0.1559807063334675, 0.9165651887887217, -0.3443799385672862, 1.717784772017729, 1.256961723170164, 0.06246090612102075, 0.3742795584184686, 0.28386891689915716, 1.7240436407476631, 2.393938193878305, 1.1333671978623734, -0.12094668448362253, 1.6659655290364583, 1.6560505798457086, -1.245136344587835, -0.23877362475457914, 1.1708023801948644, 0.0741681399218445, -0.41423142327482193, -0.8640667732437068, -0.1740255705226138, -0.4063941233171769, 0.08703196042363631, 6.071574618958691, 2.288728673541956, 0.9919222962939244, -0.513099241656401, 1.0676818463712696, 1.2192444450948747, -0.12601827405795146, 1.1134661040123703, 0.29178544199632955, 2.79971391582719, -0.7941657055307785, -0.6958196092657739, -1.8667167705261816, 0.09372568257128784, -0.015436630885128715, -0.635309924591663, -0.05028527238527092], [3.9814065315735654, -5.727335118894348, 2.9768537217567763, -0.2494402317143573, -1.5318152480106617, -2.8662348867055965, -0.6579200000947963, -0.6304915135983026, -1.7060730509349213, -0.23874960853277552, 0.45505129581886206, -5.051660663590008, 2.0340707028768255, 3.4976181397410575, -0.5651549039787008, 0.485036307726763, -1.2427751952636734, 0.13643226640565334, -2.4050285431300673, 3.576245204847819, -0.828390441370228, -0.09091069633919117, 1.4036000774041628, 0.1901410829257975, 0.27696038820807817, 0.6201728812057516, 1.8286618992982004, 0.7915867791588042, 0.7782490677149377, -1.1228091472380946, 0.5767092401380859, 2.1170308619658886, -1.5216731378729083, 2.288728673541956, 18.443791993139577, 1.3760597125665885, -0.38187399914050424, 4.765973318750794, -1.1057575242174722, -0.05724625571916686, 0.4035660782257385, -0.5987627235127886, 1.9123349691774956, 1.738089237020859, -4.064329576805871, 0.5182851376590971, 0.23192392123479097, 1.5846512970734, -0.7604928503122363, -2.331594505261746], [-1.1604234716296105, 0.4166563935772764, -0.06275603611882061, 0.07296487803422551, 0.5409681651723741, 0.12883223555104148, 1.613975462635066, 0.6049859828708466, -1.0706202064856798, -0.31356343932942043, -1.3657170316486267, -0.3342339047018171, 1.9483126006080662, -0.20725127185967931, 0.33976771215326435, -1.2157256836578043, 3.443656738245877, -4.391659945591153, 0.29027457891362857, 4.271498192568943, 0.5728333506248299, -0.12420843504811467, 0.9564593575958874, 0.6902365571175461, 0.8401166469844566, 0.9033491628355297, -0.26050927666905466, 3.11877751572122, -0.5850697152610298, 0.8550737347033353, 0.14572819669555634, 1.6549230891046585, 0.8433562507518629, 0.9919222962939244, 1.3760597125665885, 10.185620704184482, 3.0255565934826314, 1.6669620558186518, 1.7054206751410823, 1.296208334479971, 0.15543934752168947, 0.1811080655834703, -1.9082847027063132, 0.4967791724184888, 1.259816575270788, -0.20908404993605417, -1.0234198885446821, 2.071474856007558, -1.7186000088367321, -0.8263418764382292], [-0.6287572641886346, -1.0112202753493504, -2.249172357025128, 0.4651645180267412, 3.1159635017336065, 0.13636862765980315, -3.2039257070401996, 2.226920357900545, -0.2841618306317263, 4.116022053029243, -2.6500615933196725, 3.6907678114108355, -0.6443373558724262, 2.8299283330903022, 2.419061523863855, 0.16678322010837887, 2.2167601297329607, -0.6928554587280648, 0.2643014474410228, 0.26129613228237947, -1.1212186400970818, 0.0, 0.8099303787690832, 0.172964985261833, 0.18451348299446832, 0.45329862582002906, -5.038566334757012, 3.3451021583231744, 1.436901615120475, 1.2554895756220261, 0.150921051295502, 0.2146795258404591, 2.2768972910260836, -0.513099241656401, -0.38187399914050424, 3.0255565934826314, 14.107673654558067, 2.5412925609490005, -0.5032785240508141, 0.5488225400223543, 1.4347170954307116, 0.6942295739398271, -1.3311449449747423, -5.885532097700679, 1.1428027497476227, -0.7939010762471231, 0.022626561845367606, 0.5971167654647209, 3.0499085399839982, -1.7748668573962714], [0.31065581504199946, -4.586301806738251, -0.7530659452283354, -1.8299247767899844, -3.2148682774715076, -1.2934980952021897, 0.3508387871301351, 1.1451938599140186, 0.7814199197339422, -3.1538560455579034, 1.1294392217608644, 4.181272552900409, 0.1266665596652831, 3.420994825481013, 1.267973239379949, -2.6865191628255705, -0.1851531900993881, 0.824947085938329, -3.1150634061534723, 5.664880606356833, -3.5562894900616837, -1.1103527888308766, -0.6471759312669085, 0.019634975457999707, -1.2091324387485496, 0.06291207708894096, -2.1102627892047563, 0.5458980054128351, -1.4996345292087259, 0.23477220395216267, 1.4098685014668142, 0.03240440794876783, 1.5235066972251317, 1.0676818463712696, 4.765973318750794, 1.6669620558186518, 2.5412925609490005, 14.042217771401898, -0.8163259535571467, 0.30333973113457074, -0.3772728092344253, -0.3346224508078079, 0.9920530014527718, 1.825932305972752, -3.078417309900887, -1.0631535501776639, -0.09201420942710632, 1.6586245298141757, 1.9435618578877394, -0.49377859600200086], [-2.5838671567397777, 0.7509455909481281, 1.1527527686528936, 0.6382092133365284, 1.0024861493357204, -0.0399092173202246, -2.4480993324968754, 0.7247844469559375, 0.017753164155268866, -1.3788489528914927, -3.28723479308287, -2.336427397780439, 0.9152479969296483, -0.0576740779045, -1.0374106241271996, 2.8587658228133184, 0.4811335464581059, -3.0264449301511545, 0.6718052777020433, 2.2161832928644505, 0.9501195471968732, 0.05851229755421848, -2.057938564556517, -0.5814374785289261, -0.19918754906499367, 1.4378051723740757, 0.07350024874765268, -0.2970046211601467, -3.440078509335592, -0.8605099044648971, -1.429887670552144, 0.0, 0.2823578240081193, 1.2192444450948747, -1.1057575242174722, 1.7054206751410823, -0.5032785240508141, -0.8163259535571467, 9.120693589471843, 0.30154878964364623, 0.45980037667273954, 3.4931994441470713, 0.3358230128150146, -0.39916305710284916, 0.5113526741101553, 0.34884614408366826, -1.760951297564773, 0.87782002405151, -3.507048084192232, 0.9632829968989398], [-2.5275413981904884, 1.7574340390415877, 1.052559644937458, 0.6234863993722772, 0.06289663129184067, 0.3934979296964052, 1.584013106200183, 0.0729918542524142, -0.07245875554850438, -0.22574357295900851, -2.3468557837677504, -0.27558121483127596, 2.186764487789418, 0.3622632929549708, -6.464185193013828, -0.5227974543294619, 0.0, -3.6615113238909447, -0.9961942317296046, 2.0973782313247957, 0.14658347893071347, -0.008198399265326391, 1.843785411846536, -0.8990663712742047, -2.795814889734307, -3.0279525477063918, -0.5744103964366626, -0.06415760403325955, -0.689865738119018, -0.44608000019878624, -0.05734562490308221, 2.58335324406397, -0.33342441