n: 5
m: 50
H: [[1.0401472259722828, 0.0, 0.0060370892767630325, -2.064248550448164, 0.0], [0.0, 0.39605839245043184, 0.0, 0.0, 0.16497189967521883], [0.0060370892767630325, 0.0, 0.010070288939623983, -0.01116382141746746, 0.0], [-2.064248550448164, 0.0, -0.01116382141746746, 4.1713846808374635, 0.0], [0.0, 0.16497189967521883, 0.0, 0.0, 0.08049640213674372]]
g: [0.10854852571496944, -0.3120126807265213, -0.5688833852880855, -1.5849410116743161, 1.0553531574871278]
AI: [[0.0, 0.9892520873966943, 0.0, -0.5269961522941317, -0.3775463646011082], [0.0, 0.0, -1.3193913959070234, 0.0, 0.0], [0.0, 0.0, 0.0, 0.6956311621505675, 0.0], [1.7077554439544642, 1.0248446484906815, 0.0, 0.0, 0.0], [0.0, 0.0, 0.0, 0.0, 0.0], [0.0, -0.514307907691659, -1.1857685457399791, 0.0, 0.0], [0.0, -0.024193190232279643, 0.0, 0.0, 0.0], [0.0, 0.0, 0.0, 0.0, 0.0], [0.0, 0.0, 0.0, 0.0, 0.0], [0.0, 0.8976091745612625, 0.0, -0.15662666410788628, 0.0], [0.0, 0.0, 0.0, 0.0, 0.0], [0.0, -0.6363279047399046, 1.453392859874376, -0.5617284159171754, 0.27512365837678854], [0.0, 0.0, 0.0, -0.19363593777863136, 0.0], [0.0, 0.0, 0.0, 0.0, -1.3430698847003868], [0.0, 0.0, 0.0, 0.0, 0.0], [0.0, 0.0, 0.0, 0.0, 0.0], [-0.7462014299378273, 0.0, 0.0, 0.0, -0.36445614440167057], [-0.5909129850609457, 0.0011694486508634285, 0.0, 0.0, 0.0], [0.0, 0.0, 1.1391253458918849, -1.96711722316639, 0.0], [0.0, 0.0, -0.011920384730877948, 0.0, 0.0], [0.0, 0.2592251314796339, 0.0, 0.0, 0.0], [-1.1651534691921868, 0.0, 0.0, -0.6108138439240717, 0.0], [0.0, 0.7158831432312202, 0.0, 0.0, 0.35849666327702673], [0.0, 0.0, 0.0, 0.0, 0.0], [0.0, 0.0, 0.0, 0.0, 0.2053845743534793], [-0.0, -0.9892520873966943, -0.0, 0.5269961522941317, 0.3775463646011082], [-0.0, -0.0, 1.3193913959070234, -0.0, -0.0], [-0.0, -0.0, -0.0, -0.6956311621505675, -0.0], [-1.7077554439544642, -1.0248446484906815, -0.0, -0.0, -0.0], [-0.0, -0.0, -0.0, -0.0, -0.0], [-0.0, 0.514307907691659, 1.1857685457399791, -0.0, -0.0], [-0.0, 0.024193190232279643, -0.0, -0.0, -0.0], [-0.0, -0.0, -0.0, -0.0, -0.0], [-0.0, -0.0, -0.0, -0.0, -0.0], [-0.0, -0.8976091745612625, -0.0, 0.15662666410788628, -0.0], [-0.0, -0.0, -0.0, -0.0, -0.0], [-0.0, 0.6363279047399046, -1.453392859874376, 0.5617284159171754, -0.27512365837678854], [-0.0, -0.0, -0.0, 0.19363593777863136, -0.0], [-0.0, -0.0, -0.0, -0.0, 1.3430698847003868], [-0.0, -0.0, -0.0, -0.0, -0.0], [-0.0, -0.0, -0.0, -0.0, -0.0], [0.7462014299378273, -0.0, -0.0, -0.0, 0.36445614440167057], [0.5909129850609457, -0.0011694486508634285, -0.0, -0.0, -0.0], [-0.0, -0.0, -1.1391253458918849, 1.96711722316639, -0.0], [-0.0, -0.0, 0.011920384730877948, -0.0, -0.0], [-0.0, -0.2592251314796339, -0.0, -0.0, -0.0], [1.1651534691921868, -0.0, -0.0, 0.6108138439240717, -0.0], [-0.0, -0.7158831432312202, -0.0, -0.0, -0.35849666327702673], [-0.0, -0.0, -0.0, -0.0, -0.0], [-0.0, -0.0, -0.0, -0.0, -0.2053845743534793]]
bI: [-0.9619666007543083, -0.2611403434675016, -0.863770195827638, -0.12687442031590823, -0.3709022126786691, -0.6719330328520958, -0.9338522406718495, -0.5588995326541736, -0.6724491100375658, -0.07705526469122914, -0.24988623250360487, -0.35558138912970416, -0.02343208967343946, -0.9351290211010858, -0.20959771262641858, -0.5767729792632846, -0.5810473308202846, -0.23392116115287398, -0.4829791904668277, -0.5470433236745386, -0.8718123119359061, -0.9640360264185229, -0.16161057694639414, -0.016890216716548112, -0.017029974490559763, -0.05033000899546958, -0.30402613262255984, -0.09533526464245079, -0.3521075701547207, -0.6546978509026999, -0.9345021429155028, -0.7793721367905223, -0.8626267536367475, -0.2557040752627011, -0.6533093409759634, -0.4223357454556451, -0.8316470640781719, -0.9620282957156358, -0.18282329600903524, -0.1875351465579136, -0.8115643400808167, -0.6269376022484099, -0.2558078639664496, -0.8137522257520278, -0.5862021935015527, -0.7689946802988489, -0.3463770709411903, -0.23562523857477413, -0.1651208692036068, -0.7877871483559256]
AE: None
bE: None
